-0.000 0.000 0.000 -0.000 0.000 0.000 -0.000 0.000 0.000 -0.000 0.000 0.000 -0.000 -0.000 0.000 -0.000 0.000 0.000 -0.000 -0.000 -0.000 0.001 -0.019 -0.016 -0.000 0.000 0.000 -0.000 0.000 0.000 -0.000 -0.000 0.000 0.000 0.000 0.000 -0.000 0.000 0.000 0.000 -0.000 -0.000 0.000 0.000 -0.000
-0.000 0.000 0.000 -0.000 0.000 0.000 -0.000 0.000 0.000 -0.000 0.000 0.000 -0.000 -0.000 0.000 -0.000 0.000 0.000 -0.000 -0.000 -0.000 0.003 -0.022 -0.016 -0.000 0.000 0.000 -0.000 0.000 0.000 -0.000 -0.000 0.000 0.000 0.000 0.000 -0.000 0.000 0.000 0.000 -0.000 -0.000 0.000 0.000 -0.000
-0.000 0.000 0.000 -0.000 0.000 0.000 -0.000 0.000 0.000 -0.000 0.000 0.000 -0.000 0.000 0.000 -0.000 -0.000 0.000 0.000 -0.000 -0.000 0.005 -0.025 -0.016 -0.000 0.000 0.000 -0.000 0.000 0.000 -0.000 -0.000 0.000 0.000 0.000 0.000 -0.000 0.000 0.000 0.000 -0.000 -0.000 0.000 0.000 -0.000
-0.000 0.000 -0.000 -0.000 0.000 -0.000 -0.000 0.000 -0.000 -0.000 0.000 0.000 -0.000 0.000 0.000 -0.000 -0.000 -0.000 0.000 -0.000 -0.000 0.007 -0.027 -0.015 -0.000 0.000 -0.000 -0.000 0.000 -0.000 -0.000 -0.000 0.000 0.000 0.000 0.000 -0.000 0.000 -0.000 0.000 -0.000 -0.000 0.000 0.000 -0.000
-0.000 0.000 -0.000 -0.000 0.000 -0.000 -0.000 0.000 -0.000 -0.000 0.000 0.000 -0.000 0.000 0.000 0.000 -0.000 -0.000 0.000 -0.000 -0.000 0.008 -0.029 -0.015 -0.000 0.000 -0.000 -0.000 0.000 -0.000 -0.000 -0.000 0.000 0.000 0.000 0.000 -0.000 0.000 -0.000 0.000 -0.000 -0.000 0.000 0.000 -0.000
-0.000 0.000 -0.000 -0.000 0.000 -0.000 -0.000 0.000 -0.000 -0.000 0.000 0.000 -0.000 0.000 0.000 0.000 -0.000 -0.000 0.000 -0.000 -0.000 0.010 -0.031 -0.015 -0.000 0.000 -0.000 -0.000 0.000 -0.000 -0.000 -0.000 0.000 0.000 0.000 0.000 -0.000 0.000 -0.000 0.000 -0.000 -0.000 0.000 0.000 -0.000
-0.000 -0.000 -0.000 -0.000 -0.000 -0.000 -0.000 0.000 -0.000 -0.000 0.000 0.000 -0.000 0.000 0.000 0.000 -0.000 -0.000 0.000 -0.000 -0.000 0.011 -0.034 -0.014 -0.000 -0.000 -0.000 -0.000 -0.000 -0.000 -0.000 -0.000 0.000 0.000 0.000 0.000 -0.000 -0.000 -0.000 0.000 -0.000 -0.000 0.000 0.000 -0.000
-0.000 -0.000 -0.000 -0.000 -0.000 -0.000 -0.000 0.000 -0.000 -0.000 0.000 0.000 -0.000 0.000 0.000 0.000 -0.000 -0.000 0.000 -0.000 -0.000 0.011 -0.036 -0.014 -0.000 -0.000 -0.000 -0.000 -0.000 -0.000 -0.000 -0.000 0.000 0.000 -0.000 0.000 -0.000 -0.000 -0.000 0.000 -0.000 -0.000 0.000 0.000 -0.000
-0.000 -0.000 -0.000 -0.000 -0.000 -0.000 -0.000 0.000 -0.000 -0.000 0.000 0.000 -0.000 0.000 0.000 0.000 -0.000 -0.000 0.000 -0.000 -0.000 0.012 -0.037 -0.014 -0.000 -0.000 -0.000 -0.000 -0.000 -0.000 -0.000 -0.000 0.000 0.000 -0.000 0.000 -0.000 -0.000 -0.000 0.000 -0.000 -0.000 0.000 -0.000 -0.000
0.000 -0.000 -0.000 -0.000 -0.000 -0.000 -0.000 0.000 -0.000 -0.000 0.000 0.000 -0.000 0.000 0.000 0.000 -0.000 -0.000 0.000 -0.000 -0.000 0.012 -0.039 -0.014 -0.000 -0.000 -0.000 -0.000 -0.000 -0.000 -0.000 -0.000 0.000 0.000 -0.000 0.000 -0.000 -0.000 -0.000 0.000 -0.000 -0.000 0.000 -0.000 -0.000
0.000 -0.000 -0.000 -0.000 -0.000 -0.000 -0.000 0.000 -0.000 -0.000 0.000 0.000 -0.000 0.000 0.000 0.000 -0.000 -0.000 0.000 -0.000 -0.000 0.012 -0.040 -0.013 -0.000 -0.000 -0.000 -0.000 -0.000 -0.000 -0.000 -0.000 0.000 0.000 -0.000 0.000 -0.000 -0.000 -0.000 0.000 -0.000 -0.000 0.000 -0.000 -0.000
0.000 -0.000 -0.000 -0.000 -0.000 -0.000 -0.000 0.000 -0.000 -0.000 0.000 0.000 -0.000 0.000 0.000 0.000 -0.000 -0.000 0.000 -0.000 -0.000 0.012 -0.040 -0.013 -0.000 -0.000 -0.000 -0.000 -0.000 -0.000 -0.000 -0.000 0.000 0.000 -0.000 0.000 -0.000 -0.000 -0.000 0.000 -0.000 -0.000 0.000 -0.000 -0.000
0.000 -0.000 -0.000 -0.000 -0.000 -0.000 -0.000 0.000 -0.000 -0.000 0.000 0.000 -0.000 0.000 0.000 0.000 -0.000 -0.000 0.000 -0.000 -0.000 0.012 -0.041 -0.012 -0.000 -0.000 -0.000 -0.000 -0.000 -0.000 -0.000 -0.000 0.000 0.000 -0.000 0.000 -0.000 -0.000 -0.000 0.000 -0.000 -0.000 0.000 -0.000 -0.000
0.000 -0.000 -0.000 -0.000 -0.000 -0.000 -0.000 0.000 -0.000 -0.000 0.000 0.000 -0.000 0.000 0.000 0.000 -0.000 -0.000 0.000 -0.000 -0.000 0.013 -0.041 -0.012 -0.000 -0.000 -0.000 -0.000 -0.000 -0.000 -0.000 -0.000 0.000 0.000 -0.000 0.000 -0.000 -0.000 -0.000 0.000 -0.000 -0.000 0.000 -0.000 -0.000
0.000 -0.000 -0.000 -0.000 -0.000 -0.000 -0.000 0.000 -0.000 -0.000 0.000 0.000 -0.000 0.000 0.000 0.000 -0.000 -0.000 0.000 -0.000 -0.000 0.013 -0.041 -0.011 -0.000 -0.000 -0.000 -0.000 -0.000 -0.000 -0.000 -0.000 0.000 0.000 -0.000 0.000 -0.000 -0.000 -0.000 0.000 -0.000 -0.000 0.000 -0.000 -0.000
-0.000 -0.000 0.000 -0.000 -0.000 0.000 -0.000 0.000 0.000 -0.000 0.000 0.000 -0.000 0.000 0.000 0.000 -0.000 0.000 0.000 -0.000 -0.000 0.013 -0.041 -0.010 -0.000 -0.000 0.000 -0.000 -0.000 0.000 -0.000 -0.000 0.000 0.000 -0.000 0.000 -0.000 -0.000 0.000 0.000 -0.000 -0.000 0.000 -0.000 -0.000
-0.000 -0.000 0.000 -0.000 -0.000 0.000 -0.000 0.000 0.000 -0.000 0.000 0.000 -0.000 0.000 0.000 0.000 -0.000 0.000 0.000 -0.000 -0.000 0.013 -0.041 -0.009 -0.000 -0.000 0.000 -0.000 -0.000 0.000 -0.000 -0.000 0.000 0.000 -0.000 0.000 -0.000 -0.000 0.000 0.000 -0.000 -0.000 0.000 -0.000 -0.000
-0.000 -0.000 0.000 -0.000 -0.000 0.000 -0.000 0.000 0.000 -0.000 0.000 0.000 -0.000 0.000 0.000 0.000 -0.000 0.000 0.000 -0.000 -0.000 0.012 -0.040 -0.008 -0.000 -0.000 0.000 -0.000 -0.000 0.000 0.000 -0.000 0.000 0.000 -0.000 0.000 -0.000 -0.000 0.000 0.000 -0.000 -0.000 0.000 -0.000 -0.000
-0.000 -0.000 0.000 -0.000 -0.000 0.000 -0.000 0.000 0.000 -0.000 0.000 0.000 -0.000 0.000 0.000 0.000 -0.000 0.000 0.000 -0.000 -0.000 0.012 -0.038 -0.007 -0.000 -0.000 0.000 -0.000 -0.000 0.000 0.000 -0.000 -0.000 0.000 -0.000 0.000 -0.000 -0.000 0.000 0.000 -0.000 -0.000 0.000 -0.000 -0.000
-0.000 -0.000 0.000 -0.000 -0.000 0.000 -0.000 0.000 0.000 -0.000 0.000 0.000 -0.000 0.000 0.000 0.000 -0.000 0.000 0.000 -0.000 -0.000 0.012 -0.036 -0.007 -0.000 -0.000 0.000 -0.000 -0.000 0.000 0.000 -0.000 -0.000 0.000 -0.000 -0.000 -0.000 -0.000 0.000 0.000 -0.000 -0.000 0.000 -0.000 -0.000
-0.000 -0.000 0.000 -0.000 -0.000 0.000 -0.000 0.000 0.000 -0.000 0.000 0.000 -0.000 0.000 0.000 0.000 -0.000 0.000 0.000 -0.000 -0.000 0.012 -0.034 -0.006 -0.000 -0.000 0.000 -0.000 -0.000 0.000 0.000 0.000 -0.000 0.000 -0.000 -0.000 -0.000 -0.000 0.000 0.000 -0.000 -0.000 0.000 -0.000 -0.000
-0.000 -0.000 0.000 -0.000 -0.000 0.000 -0.000 0.000 0.000 -0.000 0.000 0.000 -0.000 0.000 0.000 0.000 -0.000 0.000 0.000 -0.000 -0.000 0.012 -0.033 -0.006 -0.000 -0.000 0.000 -0.000 -0.000 0.000 0.000 0.000 -0.000 0.000 -0.000 -0.000 -0.000 -0.000 0.000 0.000 -0.000 -0.000 0.000 -0.000 -0.000
-0.000 -0.000 0.000 -0.000 -0.000 0.000 -0.000 0.000 0.000 -0.000 0.000 0.000 -0.000 0.000 0.000 0.000 -0.000 0.000 0.000 -0.000 0.000 0.012 -0.031 -0.005 -0.000 -0.000 0.000 -0.000 -0.000 0.000 0.000 0.000 -0.000 0.000 -0.000 -0.000 -0.000 -0.000 0.000 0.000 -0.000 -0.000 0.000 -0.000 -0.000
-0.000 -0.000 0.000 -0.000 -0.000 0.000 -0.000 0.000 0.000 -0.000 0.000 0.000 -0.000 0.000 0.000 0.000 -0.000 0.000 0.000 -0.000 0.000 0.012 -0.029 -0.005 -0.000 -0.000 0.000 -0.000 -0.000 0.000 0.000 0.000 -0.000 0.000 -0.000 -0.000 -0.000 -0.000 0.000 0.000 -0.000 -0.000 0.000 -0.000 -0.000
-0.000 -0.000 0.000 -0.000 -0.000 0.000 -0.000 0.000 0.000 -0.000 0.000 0.000 -0.000 0.000 0.000 0.000 -0.000 0.000 0.000 -0.000 0.000 0.011 -0.026 -0.004 -0.000 -0.000 0.000 -0.000 -0.000 0.000 0.000 0.000 -0.000 0.000 -0.000 -0.000 -0.000 -0.000 0.000 0.000 -0.000 -0.000 0.000 -0.000 -0.000
-0.000 -0.000 0.000 -0.000 -0.000 0.000 -0.000 0.000 0.000 -0.000 0.000 0.000 -0.000 0.000 0.000 0.000 -0.000 0.000 0.000 -0.000 0.000 0.011 -0.024 -0.004 -0.000 -0.000 0.000 -0.000 -0.000 0.000 0.000 0.000 -0.000 0.000 -0.000 -0.000 -0.000 -0.000 0.000 0.000 -0.000 -0.000 0.000 -0.000 -0.000
-0.000 -0.000 0.000 -0.000 -0.000 0.000 -0.000 0.000 0.000 -0.000 0.000 0.000 -0.000 0.000 0.000 0.000 -0.000 0.000 0.000 -0.000 0.000 0.011 -0.022 -0.004 -0.000 -0.000 0.000 -0.000 -0.000 0.000 0.000 0.000 -0.000 0.000 -0.000 -0.000 -0.000 -0.000 0.000 0.000 -0.000 -0.000 0.000 -0.000 -0.000
-0.000 -0.000 0.000 -0.000 -0.000 0.000 -0.000 0.000 0.000 -0.000 0.000 0.000 -0.000 0.000 0.000 0.000 -0.000 0.000 0.000 -0.000 -0.000 0.011 -0.020 -0.003 -0.000 -0.000 0.000 -0.000 -0.000 0.000 0.000 -0.000 -0.000 0.000 -0.000 -0.000 -0.000 -0.000 0.000 0.000 -0.000 -0.000 0.000 -0.000 -0.000
-0.000 -0.000 0.000 -0.000 -0.000 0.000 -0.000 -0.000 0.000 -0.000 0.000 0.000 -0.000 0.000 0.000 0.000 -0.000 0.000 0.000 -0.000 -0.000 0.011 -0.018 -0.003 -0.000 -0.000 0.000 -0.000 -0.000 0.000 0.000 -0.000 -0.000 0.000 -0.000 -0.000 -0.000 -0.000 0.000 -0.000 -0.000 -0.000 -0.000 -0.000 -0.000
0.000 -0.000 0.000 -0.000 -0.000 0.000 -0.000 -0.000 0.000 -0.000 0.000 0.000 -0.000 0.000 0.000 0.000 -0.000 0.000 0.000 -0.000 -0.000 0.010 -0.015 -0.003 -0.000 -0.000 0.000 -0.000 -0.000 0.000 0.000 -0.000 -0.000 0.000 -0.000 -0.000 -0.000 -0.000 0.000 -0.000 -0.000 -0.000 -0.000 -0.000 -0.000
0.000 -0.000 0.000 -0.000 -0.000 0.000 -0.000 -0.000 0.000 -0.000 0.000 0.000 -0.000 0.000 0.000 0.000 -0.000 0.000 0.000 -0.000 -0.000 0.010 -0.011 -0.003 0.000 -0.000 0.000 0.000 -0.000 0.000 0.000 -0.000 -0.000 0.000 -0.000 -0.000 0.000 -0.000 0.000 -0.000 -0.000 -0.000 -0.000 -0.000 -0.000
0.000 -0.000 0.000 0.000 -0.000 0.000 -0.000 0.000 0.000 -0.000 0.000 0.000 -0.000 0.000 0.000 0.000 -0.000 0.000 0.000 -0.000 0.000 0.010 -0.007 -0.002 0.000 -0.000 0.000 0.000 -0.000 0.000 0.000 -0.000 -0.000 0.000 -0.000 -0.000 0.000 -0.000 0.000 -0.000 -0.000 -0.000 -0.000 -0.000 -0.000
0.000 -0.000 0.000 0.000 -0.000 0.000 -0.000 0.000 0.000 -0.000 0.000 0.000 -0.000 0.000 0.000 0.000 -0.000 0.000 0.000 0.000 0.000 0.010 -0.003 -0.002 0.000 -0.000 0.000 0.000 -0.000 0.000 0.000 0.000 -0.000 0.000 -0.000 -0.000 0.000 -0.000 0.000 -0.000 -0.000 -0.000 -0.000 0.000 -0.000
0.000 -0.000 0.000 0.000 -0.000 0.000 -0.000 0.000 0.000 -0.000 0.000 0.000 -0.000 0.000 0.000 0.000 -0.000 0.000 0.000 0.000 0.000 0.010 -0.000 -0.002 0.000 -0.000 0.000 0.000 -0.000 0.000 0.000 0.000 -0.000 0.000 -0.000 -0.000 0.000 -0.000 0.000 -0.000 -0.000 -0.000 -0.000 0.000 -0.000
0.000 -0.000 0.000 -0.000 -0.000 0.000 -0.000 0.000 0.000 -0.000 0.000 0.000 -0.000 0.000 0.000 0.000 -0.000 0.000 0.000 0.000 0.000 0.010 0.003 -0.002 -0.000 -0.000 0.000 -0.000 -0.000 0.000 0.000 0.000 -0.000 0.000 -0.000 -0.000 -0.000 -0.000 0.000 -0.000 -0.000 -0.000 -0.000 0.000 -0.000
-0.000 -0.000 0.000 -0.000 -0.000 0.000 -0.000 0.000 0.000 -0.000 -0.000 0.000 -0.000 0.000 0.000 0.000 -0.000 0.000 0.000 0.000 0.000 0.009 0.007 -0.002 -0.000 -0.000 0.000 -0.000 -0.000 0.000 0.000 0.000 -0.000 0.000 -0.000 -0.000 -0.000 -0.000 0.000 -0.000 -0.000 -0.000 -0.000 0.000 -0.000
-0.000 0.000 0.000 -0.000 -0.000 0.000 -0.000 0.000 0.000 -0.000 -0.000 -0.000 -0.000 -0.000 0.000 -0.000 -0.000 0.000 0.000 0.000 0.000 0.009 0.011 -0.002 -0.000 -0.000 0.000 -0.000 -0.000 0.000 0.000 0.000 -0.000 0.000 -0.000 -0.000 -0.000 -0.000 0.000 -0.000 -0.000 -0.000 -0.000 0.000 -0.000
-0.000 0.000 0.000 -0.000 0.000 0.000 -0.000 0.000 0.000 -0.000 -0.000 -0.000 0.000 -0.000 0.000 -0.000 -0.000 0.000 0.000 0.000 0.000 0.008 0.016 -0.001 -0.000 0.000 0.000 -0.000 0.000 0.000 0.000 0.000 -0.000 0.000 0.000 -0.000 -0.000 0.000 0.000 -0.000 -0.000 -0.000 -0.000 0.000 -0.000
-0.000 0.000 0.000 -0.000 0.000 0.000 -0.000 0.000 0.000 0.000 -0.000 0.000 0.000 -0.000 0.000 -0.000 0.000 0.000 0.000 0.000 0.000 0.008 0.022 -0.001 -0.000 0.000 0.000 -0.000 0.000 0.000 0.000 0.000 -0.000 0.000 0.000 -0.000 -0.000 0.000 0.000 -0.000 -0.000 -0.000 -0.000 0.000 -0.000
-0.000 0.000 0.000 -0.000 0.000 0.000 -0.000 0.000 0.000 0.000 -0.000 0.000 0.000 -0.000 0.000 -0.000 0.000 0.000 0.000 0.000 0.000 0.007 0.028 -0.001 -0.000 0.000 0.000 -0.000 0.000 0.000 0.000 0.000 -0.000 0.000 0.000 -0.000 -0.000 0.000 0.000 -0.000 -0.000 -0.000 -0.000 0.000 -0.000
-0.000 0.000 0.000 -0.000 0.000 0.000 -0.000 0.000 0.000 0.000 -0.000 0.000 0.000 -0.000 0.000 -0.000 0.000 0.000 0.000 0.000 0.000 0.006 0.035 -0.001 -0.000 0.000 0.000 -0.000 0.000 0.000 0.000 0.000 -0.000 0.000 0.000 -0.000 -0.000 0.000 0.000 -0.000 -0.000 -0.000 -0.000 0.000 -0.000
-0.000 0.000 0.000 -0.000 0.000 0.000 -0.000 0.000 0.000 0.000 -0.000 0.000 0.000 -0.000 0.000 -0.000 0.000 0.000 0.000 0.000 0.000 0.005 0.042 -0.001 -0.000 0.000 0.000 -0.000 0.000 0.000 0.000 0.000 -0.000 0.000 0.000 -0.000 -0.000 0.000 0.000 -0.000 -0.000 -0.000 -0.000 0.000 -0.000
-0.000 0.000 0.000 -0.000 0.000 0.000 -0.000 0.000 0.000 0.000 -0.000 0.000 0.000 -0.000 0.000 -0.000 0.000 0.000 -0.000 0.000 0.000 0.004 0.049 -0.000 -0.000 0.000 0.000 -0.000 0.000 0.000 0.000 0.000 -0.000 0.000 0.000 -0.000 -0.000 0.000 0.000 0.000 -0.000 -0.000 -0.000 0.000 -0.000
-0.000 0.000 0.000 -0.000 0.000 0.000 -0.000 0.000 0.000 0.000 -0.000 0.000 0.000 -0.000 0.000 -0.000 0.000 0.000 -0.000 0.000 0.000 0.003 0.056 -0.000 -0.000 0.000 0.000 -0.000 0.000 0.000 0.000 0.000 -0.000 0.000 0.000 -0.000 -0.000 0.000 0.000 0.000 -0.000 -0.000 -0.000 0.000 -0.000
-0.000 0.000 0.000 -0.000 0.000 0.000 -0.000 0.000 0.000 0.000 -0.000 0.000 0.000 -0.000 0.000 -0.000 0.000 0.000 -0.000 0.000 0.000 0.001 0.063 -0.000 -0.000 0.000 0.000 -0.000 0.000 0.000 0.000 0.000 -0.000 0.000 0.000 -0.000 -0.000 0.000 0.000 0.000 -0.000 -0.000 0.000 0.000 -0.000
-0.000 0.000 0.000 -0.000 0.000 0.000 -0.000 0.000 0.000 0.000 -0.000 0.000 0.000 -0.000 0.000 -0.000 0.000 0.000 -0.000 0.000 0.000 -0.000 0.071 -0.000 -0.000 0.000 0.000 -0.000 0.000 0.000 0.000 0.000 -0.000 0.000 0.000 -0.000 -0.000 0.000 0.000 0.000 -0.000 -0.000 0.000 0.000 -0.000
-0.000 0.000 0.000 -0.000 0.000 0.000 -0.000 0.000 0.000 0.000 -0.000 0.000 0.000 -0.000 0.000 -0.000 0.000 0.000 -0.000 0.000 0.000 -0.002 0.078 0.000 -0.000 0.000 0.000 -0.000 0.000 0.000 0.000 0.000 -0.000 0.000 0.000 -0.000 -0.000 0.000 0.000 0.000 -0.000 -0.000 0.000 0.000 -0.000
-0.000 0.000 0.000 -0.000 0.000 0.000 -0.000 0.000 0.000 0.000 -0.000 -0.000 0.000 -0.000 0.000 -0.000 0.000 0.000 -0.000 0.000 0.000 -0.004 0.084 0.000 -0.000 0.000 0.000 -0.000 0.000 0.000 0.000 0.000 -0.000 0.000 0.000 -0.000 -0.000 0.000 0.000 0.000 -0.000 -0.000 0.000 0.000 -0.000
-0.000 0.000 0.000 -0.000 0.000 0.000 -0.000 0.000 0.000 0.000 -0.000 -0.000 0.000 -0.000 0.000 -0.000 0.000 0.000 -0.000 0.000 0.000 -0.006 0.089 0.000 -0.000 0.000 0.000 -0.000 0.000 0.000 0.000 0.000 -0.000 0.000 0.000 0.000 -0.000 0.000 0.000 0.000 -0.000 -0.000 0.000 0.000 -0.000
-0.000 0.000 0.000 -0.000 0.000 0.000 -0.000 0.000 0.000 0.000 -0.000 -0.000 0.000 -0.000 0.000 -0.000 0.000 0.000 -0.000 0.000 0.000 -0.007 0.094 0.000 -0.000 0.000 0.000 -0.000 0.000 0.000 0.000 0.000 -0.000 0.000 0.000 0.000 -0.000 0.000 0.000 0.000 -0.000 -0.000 0.000 0.000 -0.000
-0.000 0.000 0.000 -0.000 0.000 0.000 -0.000 0.000 0.000 0.000 -0.000 0.000 0.000 -0.000 0.000 -0.000 0.000 0.000 0.000 -0.000 -0.000 0.005 -0.009 -0.014 -0.000 0.000 0.000 -0.000 0.000 0.000 0.000 0.000 -0.000 -0.000 0.000 -0.000 -0.000 0.000 0.000 -0.000 0.000 -0.000 -0.000 0.000 -0.000
-0.000 0.000 0.000 -0.000 0.000 0.000 -0.000 0.000 0.000 0.000 -0.000 0.000 0.000 -0.000 0.000 -0.000 0.000 0.000 0.000 -0.000 -0.000 0.005 -0.009 -0.014 -0.000 0.000 0.000 -0.000 0.000 0.000 0.000 0.000 -0.000 0.000 0.000 -0.000 -0.000 0.000 0.000 -0.000 0.000 -0.000 -0.000 0.000 -0.000
-0.000 0.000 0.000 -0.000 0.000 0.000 -0.000 0.000 0.000 -0.000 -0.000 0.000 0.000 -0.000 0.000 -0.000 0.000 0.000 0.000 -0.000 -0.000 0.005 -0.008 -0.013 -0.000 0.000 0.000 -0.000 0.000 0.000 0.000 0.000 -0.000 0.000 0.000 -0.000 -0.000 0.000 0.000 0.000 0.000 -0.000 -0.000 0.000 -0.000
-0.000 0.000 0.000 -0.000 0.000 0.000 -0.000 0.000 0.000 -0.000 -0.000 0.000 0.000 -0.000 0.000 -0.000 0.000 0.000 0.000 -0.000 -0.000 0.004 -0.008 -0.013 -0.000 0.000 0.000 -0.000 0.000 0.000 0.000 0.000 -0.000 0.000 0.000 -0.000 -0.000 0.000 0.000 0.000 -0.000 -0.000 0.000 0.000 -0.000
-0.000 0.000 0.000 -0.000 0.000 0.000 -0.000 0.000 0.000 -0.000 -0.000 0.000 -0.000 -0.000 0.000 -0.000 0.000 0.000 0.000 -0.000 -0.000 0.004 -0.007 -0.013 -0.000 0.000 0.000 -0.000 0.000 0.000 0.000 0.000 -0.000 0.000 0.000 -0.000 -0.000 0.000 0.000 0.000 -0.000 -0.000 0.000 0.000 -0.000
-0.000 0.000 0.000 -0.000 0.000 0.000 -0.000 0.000 0.000 -0.000 -0.000 0.000 -0.000 -0.000 0.000 -0.000 0.000 0.000 -0.000 -0.000 -0.000 0.004 -0.008 -0.013 -0.000 0.000 0.000 -0.000 0.000 0.000 0.000 0.000 -0.000 0.000 0.000 -0.000 -0.000 0.000 0.000 0.000 -0.000 -0.000 0.000 0.000 -0.000
-0.000 0.000 0.000 -0.000 0.000 0.000 -0.000 0.000 0.000 -0.000 -0.000 0.000 -0.000 -0.000 0.000 -0.000 0.000 0.000 -0.000 -0.000 -0.000 0.004 -0.008 -0.013 -0.000 0.000 0.000 -0.000 0.000 0.000 0.000 0.000 -0.000 0.000 0.000 -0.000 -0.000 0.000 0.000 0.000 -0.000 -0.000 0.000 0.000 -0.000
-0.000 0.000 0.000 -0.000 0.000 0.000 -0.000 0.000 0.000 -0.000 -0.000 0.000 -0.000 -0.000 0.000 -0.000 0.000 0.000 -0.000 -0.000 -0.000 0.004 -0.008 -0.013 -0.000 0.000 0.000 -0.000 0.000 0.000 0.000 0.000 -0.000 0.000 0.000 -0.000 -0.000 0.000 0.000 0.000 -0.000 -0.000 0.000 0.000 -0.000
-0.000 0.000 0.000 -0.000 0.000 0.000 -0.000 0.000 0.000 -0.000 -0.000 0.000 -0.000 -0.000 0.000 -0.000 0.000 0.000 -0.000 -0.000 -0.000 0.004 -0.009 -0.013 -0.000 0.000 0.000 -0.000 0.000 0.000 0.000 0.000 -0.000 0.000 0.000 -0.000 -0.000 0.000 0.000 0.000 -0.000 -0.000 0.000 0.000 -0.000
-0.000 0.000 0.000 -0.000 0.000 0.000 -0.000 0.000 0.000 -0.000 -0.000 0.000 -0.000 -0.000 0.000 -0.000 0.000 0.000 -0.000 -0.000 -0.000 0.004 -0.010 -0.013 -0.000 0.000 0.000 -0.000 0.000 0.000 0.000 0.000 -0.000 0.000 0.000 0.000 -0.000 0.000 0.000 0.000 -0.000 -0.000 0.000 0.000 -0.000
-0.000 0.000 0.000 -0.000 0.000 0.000 -0.000 0.000 0.000 -0.000 -0.000 0.000 -0.000 -0.000 0.000 -0.000 0.000 0.000 0.000 -0.000 -0.000 0.005 -0.010 -0.013 -0.000 0.000 0.000 -0.000 0.000 0.000 0.000 0.000 0.000 0.000 0.000 0.000 -0.000 0.000 0.000 0.000 -0.000 -0.000 0.000 0.000 -0.000
-0.000 0.000 0.000 -0.000 0.000 0.000 -0.000 0.000 0.000 -0.000 -0.000 0.000 0.000 -0.000 0.000 -0.000 0.000 0.000 0.000 -0.000 -0.000 0.005 -0.010 -0.014 -0.000 0.000 0.000 -0.000 0.000 0.000 -0.000 -0.000 0.000 0.000 0.000 0.000 -0.000 0.000 0.000 0.000 -0.000 -0.000 0.000 0.000 -0.000
-0.000 0.000 0.000 -0.000 0.000 0.000 -0.000 0.000 0.000 -0.000 -0.000 0.000 0.000 -0.000 0.000 -0.000 0.000 0.000 0.000 -0.000 -0.000 0.005 -0.009 -0.014 -0.000 0.000 0.000 -0.000 0.000 0.000 -0.000 -0.000 0.000 0.000 0.000 0.000 -0.000 0.000 0.000 0.000 -0.000 -0.000 0.000 0.000 -0.000
-0.000 0.000 0.000 -0.000 0.000 0.000 -0.000 0.000 0.000 -0.000 -0.000 0.000 0.000 -0.000 0.000 -0.000 0.000 0.000 0.000 -0.000 -0.000 0.005 -0.008 -0.014 -0.000 0.000 0.000 -0.000 0.000 0.000 -0.000 -0.000 0.000 0.000 0.000 0.000 -0.000 0.000 0.000 0.000 -0.000 -0.000 0.000 0.000 -0.000
-0.000 0.000 0.000 -0.000 0.000 0.000 -0.000 0.000 0.000 -0.000 -0.000 0.000 0.000 -0.000 0.000 -0.000 0.000 0.000 0.000 -0.000 -0.000 0.005 -0.008 -0.014 -0.000 0.000 0.000 -0.000 0.000 0.000 -0.000 -0.000 0.000 0.000 0.000 0.000 -0.000 0.000 0.000 0.000 -0.000 -0.000 0.000 0.000 -0.000
-0.000 0.000 0.000 -0.000 0.000 0.000 -0.000 0.000 0.000 -0.000 -0.000 0.000 0.000 -0.000 0.000 -0.000 0.000 0.000 0.000 -0.000 -0.000 0.005 -0.008 -0.015 -0.000 0.000 0.000 -0.000 0.000 0.000 -0.000 -0.000 0.000 0.000 0.000 0.000 -0.000 0.000 0.000 0.000 -0.000 -0.000 0.000 0.000 -0.000
-0.000 0.000 -0.000 -0.000 0.000 -0.000 -0.000 0.000 -0.000 -0.000 -0.000 0.000 0.000 -0.000 0.000 -0.000 0.000 -0.000 0.000 -0.000 -0.000 0.005 -0.008 -0.015 -0.000 0.000 -0.000 -0.000 0.000 -0.000 -0.000 -0.000 0.000 0.000 0.000 0.000 -0.000 0.000 -0.000 0.000 -0.000 -0.000 0.000 0.000 -0.000
-0.000 0.000 -0.000 -0.000 0.000 -0.000 -0.000 0.000 -0.000 -0.000 -0.000 0.000 0.000 -0.000 0.000 -0.000 0.000 -0.000 0.000 -0.000 -0.000 0.006 -0.007 -0.015 -0.000 0.000 -0.000 -0.000 0.000 -0.000 -0.000 -0.000 0.000 0.000 0.000 0.000 -0.000 0.000 -0.000 0.000 -0.000 -0.000 0.000 0.000 -0.000
-0.000 0.000 -0.000 -0.000 0.000 -0.000 -0.000 0.000 -0.000 0.000 -0.000 0.000 0.000 -0.000 0.000 -0.000 0.000 -0.000 0.000 -0.000 -0.000 0.006 -0.006 -0.015 -0.000 0.000 -0.000 -0.000 0.000 -0.000 -0.000 -0.000 0.000 0.000 0.000 0.000 -0.000 0.000 -0.000 0.000 -0.000 -0.000 0.000 0.000 -0.000
-0.000 0.000 -0.000 -0.000 0.000 -0.000 -0.000 0.000 -0.000 0.000 -0.000 0.000 0.000 -0.000 0.000 -0.000 0.000 -0.000 0.000 -0.000 -0.000 0.006 -0.006 -0.015 -0.000 0.000 -0.000 -0.000 0.000 -0.000 -0.000 -0.000 0.000 0.000 0.000 0.000 -0.000 0.000 -0.000 0.000 -0.000 -0.000 0.000 0.000 -0.000
-0.000 0.000 0.000 -0.000 0.000 0.000 -0.000 0.000 0.000 -0.000 -0.000 0.000 0.000 -0.000 0.000 -0.000 0.000 0.000 0.000 -0.000 -0.000 0.006 -0.008 -0.014 -0.000 0.000 0.000 -0.000 0.000 0.000 -0.000 -0.000 0.000 0.000 0.000 0.000 -0.000 0.000 0.000 0.000 -0.000 -0.000 0.000 0.000 -0.000
-0.000 0.000 0.000 -0.000 0.000 0.000 -0.000 0.000 0.000 -0.000 -0.000 0.000 0.000 -0.000 0.000 -0.000 0.000 0.000 -0.000 -0.000 -0.000 0.004 -0.009 -0.013 -0.000 0.000 0.000 -0.000 0.000 0.000 0.000 0.000 -0.000 0.000 0.000 0.000 -0.000 0.000 0.000 0.000 -0.000 -0.000 0.000 0.000 -0.000
-0.000 0.000 0.000 -0.000 0.000 0.000 -0.000 0.000 0.000 -0.000 -0.000 0.000 0.000 -0.000 0.000 -0.000 0.000 0.000 -0.000 -0.000 -0.000 0.004 -0.009 -0.013 -0.000 0.000 0.000 -0.000 0.000 0.000 0.000 0.000 -0.000 0.000 0.000 0.000 -0.000 0.000 0.000 0.000 -0.000 -0.000 0.000 0.000 -0.000
-0.000 0.000 0.000 -0.000 0.000 0.000 -0.000 0.000 0.000 -0.000 -0.000 0.000 0.000 -0.000 0.000 -0.000 0.000 0.000 -0.000 -0.000 -0.000 0.004 -0.009 -0.013 -0.000 0.000 0.000 -0.000 0.000 0.000 0.000 0.000 -0.000 0.000 0.000 -0.000 -0.000 0.000 0.000 0.000 -0.000 -0.000 0.000 0.000 -0.000
-0.000 0.000 0.000 -0.000 0.000 0.000 -0.000 0.000 0.000 -0.000 -0.000 0.000 0.000 -0.000 0.000 -0.000 0.000 0.000 -0.000 -0.000 -0.000 0.005 -0.008 -0.013 -0.000 0.000 0.000 -0.000 0.000 0.000 0.000 0.000 -0.000 0.000 0.000 -0.000 -0.000 0.000 0.000 0.000 -0.000 -0.000 0.000 0.000 -0.000
-0.000 0.000 0.000 -0.000 0.000 0.000 -0.000 0.000 0.000 -0.000 -0.000 0.000 0.000 -0.000 0.000 -0.000 0.000 0.000 -0.000 -0.000 -0.000 0.005 -0.008 -0.013 -0.000 0.000 0.000 -0.000 0.000 0.000 0.000 0.000 -0.000 0.000 0.000 -0.000 -0.000 0.000 0.000 0.000 -0.000 -0.000 0.000 0.000 -0.000
-0.000 0.000 0.000 -0.000 0.000 0.000 -0.000 0.000 0.000 -0.000 -0.000 0.000 0.000 -0.000 0.000 -0.000 0.000 0.000 -0.000 -0.000 -0.000 0.005 -0.008 -0.013 -0.000 0.000 0.000 -0.000 0.000 0.000 0.000 0.000 -0.000 0.000 0.000 -0.000 -0.000 0.000 0.000 0.000 -0.000 -0.000 0.000 0.000 -0.000
-0.000 0.000 0.000 -0.000 0.000 0.000 -0.000 0.000 0.000 -0.000 -0.000 0.000 0.000 -0.000 0.000 -0.000 0.000 0.000 0.000 -0.000 -0.000 0.005 -0.008 -0.014 -0.000 0.000 0.000 -0.000 0.000 0.000 0.000 0.000 -0.000 0.000 0.000 -0.000 -0.000 0.000 0.000 0.000 -0.000 -0.000 -0.000 0.000 -0.000
-0.000 0.000 0.000 -0.000 0.000 0.000 -0.000 0.000 0.000 -0.000 -0.000 0.000 0.000 -0.000 0.000 -0.000 0.000 0.000 0.000 -0.000 -0.000 0.005 -0.008 -0.014 -0.000 0.000 0.000 -0.000 0.000 0.000 0.000 0.000 -0.000 0.000 0.000 -0.000 -0.000 0.000 0.000 0.000 -0.000 -0.000 -0.000 0.000 -0.000
-0.000 0.000 0.000 -0.000 0.000 0.000 -0.000 0.000 0.000 -0.000 -0.000 0.000 0.000 -0.000 0.000 -0.000 0.000 0.000 0.000 -0.000 -0.000 0.005 -0.008 -0.014 -0.000 0.000 0.000 -0.000 0.000 0.000 0.000 0.000 -0.000 0.000 0.000 -0.000 -0.000 0.000 0.000 0.000 -0.000 -0.000 -0.000 0.000 -0.000
-0.000 0.000 0.000 -0.000 0.000 0.000 -0.000 0.000 0.000 -0.000 -0.000 0.000 0.000 -0.000 0.000 -0.000 0.000 0.000 0.000 -0.000 -0.000 0.005 -0.008 -0.014 -0.000 0.000 0.000 -0.000 0.000 0.000 0.000 0.000 -0.000 0.000 0.000 -0.000 -0.000 0.000 0.000 0.000 -0.000 -0.000 -0.000 0.000 -0.000
-0.000 0.000 0.000 -0.000 0.000 0.000 -0.000 0.000 0.000 -0.000 -0.000 0.000 0.000 -0.000 0.000 -0.000 0.000 0.000 0.000 -0.000 -0.000 0.005 -0.008 -0.014 -0.000 0.000 0.000 -0.000 0.000 0.000 0.000 0.000 -0.000 0.000 0.000 -0.000 -0.000 0.000 0.000 0.000 -0.000 -0.000 -0.000 0.000 -0.000
-0.000 0.000 0.000 -0.000 0.000 0.000 -0.000 0.000 0.000 0.000 -0.000 0.000 0.000 -0.000 0.000 -0.000 0.000 0.000 0.000 -0.000 -0.000 0.005 -0.008 -0.014 -0.000 0.000 0.000 -0.000 0.000 0.000 0.000 0.000 -0.000 0.000 0.000 -0.000 -0.000 0.000 0.000 0.000 -0.000 -0.000 -0.000 0.000 -0.000
-0.000 0.000 0.000 -0.000 0.000 0.000 -0.000 0.000 0.000 0.000 -0.000 0.000 0.000 -0.000 0.000 -0.000 0.000 0.000 0.000 -0.000 -0.000 0.005 -0.008 -0.014 -0.000 0.000 0.000 -0.000 0.000 0.000 0.000 0.000 -0.000 0.000 0.000 -0.000 -0.000 0.000 0.000 0.000 -0.000 -0.000 -0.000 0.000 -0.000
-0.000 0.000 0.000 -0.000 0.000 0.000 -0.000 0.000 0.000 0.000 -0.000 0.000 0.000 -0.000 0.000 -0.000 0.000 0.000 0.000 -0.000 -0.000 0.005 -0.008 -0.014 -0.000 0.000 0.000 -0.000 0.000 0.000 0.000 0.000 -0.000 0.000 0.000 -0.000 -0.000 0.000 0.000 0.000 -0.000 -0.000 -0.000 0.000 -0.000
-0.000 0.000 0.000 -0.000 0.000 0.000 -0.000 0.000 0.000 0.000 -0.000 0.000 0.000 -0.000 0.000 -0.000 0.000 0.000 0.000 -0.000 -0.000 0.005 -0.008 -0.014 -0.000 0.000 0.000 -0.000 0.000 0.000 0.000 0.000 -0.000 0.000 0.000 -0.000 -0.000 0.000 0.000 0.000 -0.000 -0.000 -0.000 0.000 -0.000
-0.000 0.000 0.000 -0.000 0.000 0.000 -0.000 0.000 0.000 0.000 -0.000 0.000 0.000 -0.000 0.000 -0.000 0.000 0.000 0.000 -0.000 -0.000 0.005 -0.007 -0.014 -0.000 0.000 0.000 -0.000 0.000 0.000 0.000 0.000 -0.000 0.000 0.000 -0.000 -0.000 0.000 0.000 0.000 -0.000 -0.000 -0.000 0.000 -0.000
-0.000 0.000 0.000 -0.000 0.000 0.000 -0.000 0.000 0.000 0.000 -0.000 0.000 0.000 -0.000 0.000 -0.000 0.000 0.000 0.000 -0.000 -0.000 0.005 -0.007 -0.013 -0.000 0.000 0.000 -0.000 0.000 0.000 0.000 0.000 -0.000 0.000 0.000 -0.000 -0.000 0.000 0.000 0.000 -0.000 -0.000 -0.000 0.000 -0.000
-0.000 0.000 0.000 -0.000 0.000 0.000 -0.000 0.000 0.000 0.000 -0.000 0.000 0.000 -0.000 0.000 -0.000 0.000 0.000 0.000 -0.000 -0.000 0.005 -0.006 -0.013 -0.000 0.000 0.000 -0.000 0.000 0.000 0.000 0.000 -0.000 0.000 0.000 -0.000 -0.000 0.000 0.000 0.000 -0.000 -0.000 -0.000 0.000 -0.000
-0.000 0.000 0.000 -0.000 0.000 0.000 -0.000 0.000 0.000 -0.000 -0.000 0.000 0.000 -0.000 0.000 -0.000 0.000 0.000 0.000 -0.000 -0.000 0.005 -0.006 -0.013 -0.000 0.000 0.000 -0.000 0.000 0.000 0.000 0.000 -0.000 0.000 0.000 -0.000 -0.000 0.000 0.000 0.000 -0.000 -0.000 -0.000 0.000 -0.000
-0.000 0.000 0.000 -0.000 0.000 0.000 -0.000 0.000 0.000 -0.000 -0.000 0.000 0.000 -0.000 0.000 -0.000 0.000 0.000 -0.000 -0.000 -0.000 0.004 -0.006 -0.013 -0.000 0.000 0.000 -0.000 0.000 0.000 0.000 0.000 -0.000 0.000 0.000 -0.000 -0.000 0.000 0.000 0.000 -0.000 -0.000 -0.000 0.000 -0.000
-0.000 0.000 0.000 -0.000 0.000 0.000 -0.000 0.000 0.000 -0.000 -0.000 0.000 0.000 -0.000 0.000 -0.000 0.000 0.000 -0.000 -0.000 -0.000 0.004 -0.006 -0.013 -0.000 0.000 0.000 -0.000 0.000 0.000 0.000 0.000 -0.000 0.000 0.000 -0.000 -0.000 0.000 0.000 0.000 -0.000 -0.000 0.000 0.000 -0.000
-0.000 0.000 0.000 -0.000 0.000 0.000 -0.000 0.000 0.000 -0.000 -0.000 0.000 0.000 -0.000 0.000 -0.000 0.000 0.000 -0.000 -0.000 -0.000 0.004 -0.006 -0.013 -0.000 0.000 0.000 -0.000 0.000 0.000 0.000 0.000 -0.000 0.000 0.000 -0.000 -0.000 0.000 0.000 0.000 -0.000 -0.000 0.000 0.000 -0.000
-0.000 0.000 0.000 -0.000 0.000 0.000 -0.000 0.000 0.000 -0.000 -0.000 0.000 0.000 -0.000 0.000 -0.000 0.000 0.000 -0.000 -0.000 -0.000 0.004 -0.006 -0.013 -0.000 0.000 0.000 -0.000 0.000 0.000 0.000 0.000 -0.000 0.000 0.000 -0.000 -0.000 0.000 0.000 0.000 -0.000 -0.000 0.000 0.000 -0.000
-0.000 0.000 0.000 -0.000 0.000 0.000 -0.000 0.000 0.000 -0.000 -0.000 0.000 0.000 -0.000 0.000 -0.000 0.000 0.000 -0.000 -0.000 -0.000 0.004 -0.006 -0.013 -0.000 0.000 0.000 -0.000 0.000 0.000 0.000 0.000 -0.000 0.000 0.000 -0.000 -0.000 0.000 0.000 0.000 -0.000 -0.000 0.000 0.000 -0.000
-0.000 0.000 0.000 -0.000 0.000 0.000 -0.000 0.000 0.000 -0.000 -0.000 0.000 0.000 -0.000 0.000 -0.000 0.000 0.000 -0.000 -0.000 -0.000 0.004 -0.006 -0.013 -0.000 0.000 0.000 -0.000 0.000 0.000 0.000 0.000 -0.000 0.000 0.000 -0.000 -0.000 0.000 0.000 0.000 -0.000 -0.000 0.000 0.000 -0.000
-0.000 0.000 0.000 -0.000 0.000 0.000 -0.000 0.000 0.000 -0.000 -0.000 0.000 -0.000 -0.000 0.000 -0.000 0.000 0.000 -0.000 -0.000 -0.000 0.004 -0.007 -0.013 -0.000 0.000 0.000 -0.000 0.000 0.000 0.000 0.000 -0.000 0.000 0.000 -0.000 -0.000 0.000 0.000 0.000 -0.000 -0.000 0.000 0.000 -0.000
-0.000 0.000 0.000 -0.000 0.000 0.000 -0.000 0.000 0.000 -0.000 -0.000 0.000 -0.000 -0.000 0.000 -0.000 0.000 0.000 -0.000 -0.000 -0.000 0.004 -0.007 -0.013 -0.000 0.000 0.000 -0.000 0.000 0.000 0.000 0.000 -0.000 0.000 0.000 -0.000 -0.000 0.000 0.000 0.000 -0.000 -0.000 0.000 0.000 -0.000
-0.000 0.000 0.000 -0.000 0.000 0.000 -0.000 0.000 0.000 -0.000 -0.000 0.000 -0.000 -0.000 0.000 -0.000 0.000 0.000 -0.000 -0.000 -0.000 0.004 -0.008 -0.013 -0.000 0.000 0.000 -0.000 0.000 0.000 0.000 0.000 -0.000 0.000 0.000 -0.000 -0.000 0.000 0.000 0.000 -0.000 -0.000 0.000 0.000 -0.000
-0.000 0.000 0.000 -0.000 0.000 0.000 -0.000 0.000 0.000 -0.000 -0.000 0.000 -0.000 -0.000 0.000 -0.000 0.000 0.000 -0.000 -0.000 -0.000 0.004 -0.008 -0.013 -0.000 0.000 0.000 -0.000 0.000 0.000 0.000 0.000 -0.000 0.000 0.000 -0.000 -0.000 0.000 0.000 0.000 -0.000 -0.000 0.000 0.000 -0.000
