-0.814 0.261 0.370 -0.829 0.364 0.388 -0.986 0.463 0.379 -1.100 0.483 0.889 -0.363 -0.125 0.941 -0.667 0.153 0.391 -0.238 -0.600 -0.889 0.001 -0.019 -0.016 -0.847 0.387 0.399 -0.824 0.377 0.388 -0.027 -0.175 0.016 0.603 0.298 0.455 -0.837 0.383 0.395 1.214 -0.412 -0.744 0.910 0.247 -0.520
-0.677 0.225 0.215 -0.702 0.307 0.225 -0.957 0.456 0.220 -1.225 0.730 0.810 -0.508 -0.050 0.903 -0.472 0.009 0.227 -0.108 -0.694 -0.904 0.003 -0.022 -0.016 -0.714 0.334 0.232 -0.694 0.324 0.226 -0.452 -0.413 0.342 0.524 0.264 0.630 -0.705 0.330 0.230 1.272 -0.392 -0.751 0.945 0.222 -0.521
-0.535 0.182 0.058 -0.572 0.242 0.062 -0.933 0.447 0.061 -1.357 1.001 0.728 -0.660 0.032 0.862 -0.268 -0.152 0.063 0.028 -0.807 -0.912 0.005 -0.025 -0.016 -0.576 0.271 0.064 -0.560 0.264 0.062 -0.842 -0.633 0.713 0.440 0.220 0.793 -0.569 0.268 0.063 1.313 -0.370 -0.754 0.966 0.192 -0.519
-0.400 0.133 -0.097 -0.451 0.168 -0.100 -0.922 0.434 -0.097 -1.501 1.290 0.644 -0.818 0.119 0.820 -0.071 -0.328 -0.100 0.161 -0.938 -0.916 0.007 -0.027 -0.015 -0.447 0.201 -0.103 -0.435 0.195 -0.100 -1.177 -0.832 1.081 0.369 0.169 0.941 -0.442 0.198 -0.101 1.335 -0.343 -0.750 0.978 0.158 -0.513
-0.284 0.079 -0.239 -0.349 0.087 -0.248 -0.932 0.418 -0.243 -1.655 1.592 0.565 -0.981 0.210 0.780 0.109 -0.513 -0.250 0.283 -1.081 -0.914 0.008 -0.029 -0.015 -0.338 0.124 -0.256 -0.329 0.121 -0.248 -1.436 -1.007 1.395 0.323 0.116 1.069 -0.334 0.123 -0.253 1.337 -0.316 -0.741 0.980 0.122 -0.503
-0.193 0.023 -0.356 -0.274 0.003 -0.371 -0.969 0.401 -0.363 -1.821 1.897 0.494 -1.148 0.302 0.745 0.262 -0.705 -0.374 0.387 -1.230 -0.907 0.010 -0.031 -0.015 -0.258 0.043 -0.382 -0.250 0.042 -0.372 -1.601 -1.152 1.598 0.313 0.064 1.170 -0.255 0.043 -0.378 1.319 -0.296 -0.726 0.971 0.087 -0.490
-0.123 -0.034 -0.446 -0.220 -0.082 -0.467 -1.022 0.384 -0.457 -1.987 2.200 0.433 -1.310 0.393 0.714 0.391 -0.897 -0.471 0.470 -1.375 -0.899 0.011 -0.034 -0.014 -0.198 -0.039 -0.481 -0.192 -0.038 -0.468 -1.694 -1.271 1.705 0.329 0.016 1.249 -0.195 -0.038 -0.475 1.291 -0.286 -0.710 0.955 0.053 -0.476
-0.062 -0.091 -0.512 -0.173 -0.164 -0.537 -1.076 0.369 -0.525 -2.137 2.490 0.381 -1.456 0.482 0.688 0.509 -1.082 -0.541 0.532 -1.508 -0.895 0.011 -0.036 -0.014 -0.145 -0.118 -0.553 -0.141 -0.115 -0.538 -1.748 -1.372 1.769 0.352 -0.028 1.312 -0.143 -0.117 -0.547 1.264 -0.290 -0.697 0.933 0.022 -0.465
-0.011 -0.145 -0.548 -0.136 -0.239 -0.576 -1.132 0.356 -0.564 -2.271 2.760 0.341 -1.584 0.565 0.666 0.610 -1.254 -0.581 0.579 -1.625 -0.888 0.012 -0.037 -0.014 -0.103 -0.191 -0.594 -0.101 -0.185 -0.577 -1.763 -1.448 1.792 0.378 -0.067 1.357 -0.102 -0.188 -0.587 1.240 -0.312 -0.690 0.907 -0.007 -0.459
0.025 -0.189 -0.550 -0.112 -0.303 -0.580 -1.190 0.348 -0.567 -2.391 3.004 0.315 -1.697 0.640 0.650 0.690 -1.404 -0.585 0.620 -1.725 -0.867 0.012 -0.039 -0.014 -0.076 -0.253 -0.598 -0.074 -0.246 -0.581 -1.743 -1.495 1.775 0.404 -0.098 1.380 -0.075 -0.250 -0.591 1.224 -0.354 -0.693 0.876 -0.029 -0.461
0.048 -0.223 -0.520 -0.101 -0.355 -0.549 -1.246 0.345 -0.537 -2.494 3.212 0.303 -1.792 0.703 0.641 0.748 -1.528 -0.554 0.655 -1.804 -0.832 0.012 -0.040 -0.013 -0.061 -0.302 -0.566 -0.059 -0.294 -0.550 -1.689 -1.512 1.726 0.427 -0.121 1.382 -0.060 -0.299 -0.559 1.215 -0.415 -0.704 0.841 -0.045 -0.471
0.058 -0.245 -0.461 -0.100 -0.392 -0.489 -1.295 0.345 -0.478 -2.579 3.374 0.302 -1.869 0.752 0.636 0.784 -1.622 -0.493 0.685 -1.857 -0.785 0.012 -0.040 -0.013 -0.058 -0.338 -0.504 -0.056 -0.329 -0.490 -1.607 -1.499 1.650 0.447 -0.135 1.363 -0.057 -0.334 -0.498 1.211 -0.489 -0.722 0.803 -0.054 -0.487
0.057 -0.256 -0.379 -0.108 -0.414 -0.403 -1.335 0.348 -0.394 -2.643 3.480 0.311 -1.926 0.785 0.636 0.799 -1.680 -0.407 0.708 -1.879 -0.728 0.012 -0.041 -0.012 -0.065 -0.359 -0.416 -0.063 -0.349 -0.404 -1.500 -1.458 1.553 0.464 -0.141 1.323 -0.064 -0.354 -0.411 1.210 -0.572 -0.745 0.762 -0.057 -0.507
0.045 -0.254 -0.278 -0.123 -0.419 -0.298 -1.362 0.352 -0.291 -2.685 3.521 0.328 -1.963 0.799 0.640 0.791 -1.699 -0.300 0.725 -1.864 -0.662 0.013 -0.041 -0.012 -0.080 -0.363 -0.307 -0.078 -0.353 -0.298 -1.372 -1.389 1.439 0.476 -0.139 1.265 -0.079 -0.359 -0.303 1.209 -0.657 -0.770 0.718 -0.053 -0.529
0.012 -0.251 -0.103 -0.158 -0.420 -0.114 -1.392 0.349 -0.111 -2.728 3.509 0.378 -1.991 0.798 0.656 0.755 -1.697 -0.115 0.737 -1.829 -0.566 0.013 -0.041 -0.011 -0.116 -0.365 -0.117 -0.113 -0.355 -0.114 -1.125 -1.235 1.213 0.468 -0.135 1.116 -0.115 -0.361 -0.116 1.196 -0.744 -0.793 0.673 -0.046 -0.552
-0.052 -0.260 0.162 -0.222 -0.431 0.165 -1.445 0.332 0.161 -2.795 3.469 0.469 -2.025 0.792 0.690 0.686 -1.698 0.166 0.742 -1.790 -0.432 0.013 -0.041 -0.010 -0.182 -0.376 0.170 -0.177 -0.366 0.165 -0.690 -0.970 0.831 0.442 -0.136 0.842 -0.180 -0.372 0.168 1.163 -0.828 -0.806 0.621 -0.043 -0.569
-0.140 -0.276 0.449 -0.310 -0.449 0.468 -1.515 0.303 0.457 -2.874 3.406 0.569 -2.060 0.784 0.734 0.590 -1.699 0.472 0.738 -1.747 -0.290 0.013 -0.041 -0.009 -0.274 -0.396 0.482 -0.266 -0.385 0.469 -0.123 -0.634 0.394 0.422 -0.146 0.508 -0.271 -0.391 0.476 1.110 -0.904 -0.803 0.557 -0.047 -0.575
-0.234 -0.295 0.688 -0.403 -0.469 0.721 -1.584 0.270 0.705 -2.945 3.326 0.645 -2.088 0.776 0.775 0.484 -1.696 0.727 0.726 -1.699 -0.168 0.012 -0.040 -0.008 -0.370 -0.417 0.743 -0.360 -0.406 0.722 0.457 -0.297 0.037 0.419 -0.164 0.193 -0.366 -0.412 0.734 1.046 -0.963 -0.783 0.481 -0.058 -0.569
-0.290 -0.305 0.810 -0.457 -0.479 0.851 -1.611 0.243 0.832 -2.966 3.238 0.668 -2.088 0.765 0.799 0.414 -1.679 0.857 0.720 -1.639 -0.094 0.012 -0.038 -0.007 -0.427 -0.429 0.876 -0.415 -0.417 0.852 0.817 -0.090 -0.135 0.429 -0.179 0.012 -0.422 -0.424 0.866 0.982 -0.994 -0.763 0.411 -0.066 -0.560
-0.301 -0.305 0.843 -0.467 -0.479 0.885 -1.592 0.224 0.865 -2.937 3.142 0.651 -2.057 0.751 0.808 0.384 -1.647 0.892 0.723 -1.565 -0.057 0.012 -0.036 -0.007 -0.438 -0.430 0.911 -0.426 -0.418 0.886 0.944 -0.014 -0.190 0.437 -0.186 -0.054 -0.433 -0.425 0.901 0.920 -0.995 -0.748 0.356 -0.068 -0.551
-0.306 -0.307 0.858 -0.469 -0.479 0.900 -1.561 0.200 0.880 -2.891 3.029 0.627 -2.013 0.733 0.815 0.359 -1.611 0.907 0.725 -1.485 -0.028 0.012 -0.034 -0.006 -0.442 -0.432 0.927 -0.430 -0.420 0.902 1.041 0.044 -0.237 0.440 -0.194 -0.109 -0.437 -0.427 0.917 0.847 -0.978 -0.727 0.302 -0.071 -0.538
-0.304 -0.309 0.857 -0.464 -0.479 0.899 -1.518 0.174 0.879 -2.829 2.901 0.595 -1.957 0.713 0.820 0.339 -1.569 0.906 0.726 -1.397 -0.006 0.012 -0.033 -0.006 -0.438 -0.434 0.926 -0.425 -0.422 0.901 1.105 0.084 -0.276 0.439 -0.201 -0.154 -0.432 -0.429 0.915 0.767 -0.946 -0.701 0.252 -0.074 -0.521
-0.294 -0.311 0.841 -0.450 -0.478 0.883 -1.465 0.148 0.863 -2.752 2.760 0.558 -1.891 0.689 0.823 0.323 -1.522 0.890 0.728 -1.302 0.011 0.012 -0.031 -0.005 -0.426 -0.435 0.910 -0.414 -0.423 0.884 1.133 0.106 -0.307 0.433 -0.207 -0.187 -0.421 -0.430 0.899 0.684 -0.902 -0.672 0.207 -0.075 -0.500
-0.279 -0.311 0.814 -0.430 -0.474 0.853 -1.401 0.121 0.834 -2.659 2.607 0.515 -1.815 0.662 0.822 0.312 -1.469 0.860 0.728 -1.201 0.021 0.012 -0.029 -0.005 -0.407 -0.433 0.879 -0.395 -0.421 0.855 1.124 0.111 -0.328 0.423 -0.211 -0.206 -0.402 -0.428 0.869 0.599 -0.850 -0.642 0.165 -0.076 -0.479
-0.257 -0.308 0.774 -0.403 -0.467 0.812 -1.328 0.095 0.794 -2.551 2.443 0.469 -1.730 0.633 0.818 0.304 -1.409 0.818 0.728 -1.092 0.027 0.011 -0.026 -0.004 -0.381 -0.429 0.836 -0.371 -0.417 0.813 1.080 0.098 -0.339 0.408 -0.213 -0.212 -0.377 -0.424 0.827 0.517 -0.794 -0.612 0.129 -0.074 -0.456
-0.231 -0.303 0.726 -0.371 -0.456 0.760 -1.246 0.071 0.743 -2.429 2.269 0.419 -1.637 0.601 0.811 0.300 -1.343 0.766 0.727 -0.977 0.028 0.011 -0.024 -0.004 -0.350 -0.420 0.783 -0.340 -0.409 0.761 1.000 0.070 -0.337 0.390 -0.211 -0.203 -0.346 -0.415 0.774 0.439 -0.735 -0.582 0.099 -0.071 -0.434
-0.201 -0.295 0.669 -0.335 -0.441 0.700 -1.158 0.049 0.685 -2.294 2.086 0.367 -1.538 0.566 0.800 0.298 -1.270 0.706 0.725 -0.855 0.025 0.011 -0.022 -0.004 -0.315 -0.408 0.721 -0.306 -0.396 0.701 0.888 0.028 -0.318 0.368 -0.207 -0.181 -0.311 -0.403 0.713 0.369 -0.677 -0.554 0.074 -0.065 -0.413
-0.144 -0.301 0.556 -0.271 -0.442 0.580 -1.042 0.010 0.567 -2.122 1.881 0.291 -1.419 0.527 0.774 0.322 -1.210 0.585 0.725 -0.737 -0.002 0.011 -0.020 -0.003 -0.251 -0.412 0.598 -0.244 -0.401 0.581 0.780 -0.031 -0.346 0.354 -0.214 -0.163 -0.248 -0.407 0.591 0.212 -0.545 -0.481 0.008 -0.066 -0.358
-0.060 -0.315 0.402 -0.180 -0.452 0.417 -0.897 -0.039 0.408 -1.914 1.661 0.198 -1.283 0.483 0.738 0.370 -1.155 0.420 0.729 -0.618 -0.048 0.011 -0.018 -0.003 -0.160 -0.426 0.429 -0.155 -0.414 0.417 0.700 -0.088 -0.423 0.352 -0.228 -0.155 -0.158 -0.421 0.424 -0.012 -0.370 -0.369 -0.121 -0.072 -0.275
0.019 -0.305 0.303 -0.094 -0.437 0.311 -0.753 -0.063 0.304 -1.700 1.452 0.130 -1.146 0.437 0.710 0.411 -1.075 0.314 0.730 -0.485 -0.070 0.010 -0.015 -0.003 -0.073 -0.413 0.321 -0.071 -0.402 0.312 0.639 -0.116 -0.455 0.351 -0.227 -0.138 -0.072 -0.408 0.317 -0.170 -0.284 -0.301 -0.280 -0.068 -0.226
0.104 -0.249 0.325 -0.002 -0.370 0.333 -0.601 -0.036 0.325 -1.470 1.275 0.117 -1.005 0.389 0.705 0.452 -0.943 0.335 0.728 -0.325 -0.043 0.010 -0.011 -0.003 0.018 -0.348 0.343 0.018 -0.338 0.333 0.606 -0.090 -0.378 0.353 -0.197 -0.101 0.018 -0.344 0.339 -0.230 -0.381 -0.331 -0.511 -0.045 -0.254
0.182 -0.158 0.413 0.083 -0.266 0.423 -0.451 0.026 0.414 -1.228 1.101 0.133 -0.858 0.333 0.709 0.485 -0.774 0.427 0.721 -0.147 0.012 0.010 -0.007 -0.002 0.104 -0.244 0.436 0.101 -0.238 0.424 0.595 -0.019 -0.254 0.361 -0.144 -0.058 0.103 -0.242 0.431 -0.238 -0.586 -0.409 -0.772 -0.009 -0.320
0.196 -0.081 0.470 0.107 -0.174 0.483 -0.359 0.075 0.472 -1.018 0.874 0.137 -0.719 0.267 0.703 0.457 -0.615 0.487 0.698 0.024 0.053 0.010 -0.003 -0.002 0.126 -0.154 0.498 0.122 -0.149 0.484 0.585 0.049 -0.183 0.365 -0.095 -0.036 0.124 -0.152 0.492 -0.235 -0.703 -0.453 -0.901 0.021 -0.359
0.141 -0.056 0.438 0.063 -0.133 0.450 -0.333 0.072 0.440 -0.847 0.572 0.102 -0.588 0.191 0.675 0.364 -0.504 0.454 0.655 0.172 0.055 0.010 -0.000 -0.002 0.078 -0.115 0.464 0.075 -0.112 0.451 0.587 0.078 -0.235 0.364 -0.075 -0.058 0.077 -0.114 0.458 -0.284 -0.597 -0.410 -0.866 0.034 -0.325
0.049 -0.050 0.366 -0.017 -0.110 0.376 -0.340 0.051 0.368 -0.679 0.227 0.050 -0.447 0.106 0.638 0.235 -0.409 0.379 0.601 0.312 0.040 0.010 0.003 -0.002 -0.007 -0.095 0.388 -0.007 -0.093 0.377 0.617 0.104 -0.361 0.368 -0.065 -0.105 -0.007 -0.094 0.383 -0.360 -0.397 -0.323 -0.770 0.039 -0.257
-0.068 -0.034 0.311 -0.122 -0.077 0.319 -0.369 0.041 0.312 -0.504 -0.131 0.004 -0.291 0.015 0.604 0.079 -0.303 0.322 0.538 0.457 0.031 0.009 0.007 -0.002 -0.118 -0.064 0.329 -0.115 -0.063 0.320 0.669 0.151 -0.494 0.375 -0.047 -0.158 -0.117 -0.064 0.325 -0.415 -0.215 -0.245 -0.656 0.048 -0.195
-0.198 0.010 0.323 -0.240 -0.012 0.334 -0.407 0.063 0.327 -0.308 -0.481 -0.013 -0.114 -0.081 0.586 -0.093 -0.168 0.337 0.466 0.618 0.050 0.009 0.011 -0.002 -0.243 -0.001 0.344 -0.236 -0.001 0.335 0.739 0.234 -0.570 0.387 -0.009 -0.201 -0.240 -0.001 0.340 -0.418 -0.134 -0.221 -0.563 0.069 -0.175
-0.336 0.078 0.398 -0.368 0.081 0.414 -0.453 0.115 0.405 -0.089 -0.819 -0.003 0.085 -0.178 0.580 -0.278 -0.008 0.418 0.387 0.793 0.093 0.008 0.016 -0.001 -0.377 0.089 0.427 -0.366 0.087 0.415 0.820 0.341 -0.583 0.401 0.044 -0.231 -0.373 0.088 0.422 -0.371 -0.143 -0.250 -0.490 0.102 -0.196
-0.488 0.152 0.487 -0.509 0.181 0.510 -0.509 0.177 0.498 0.148 -1.156 0.012 0.306 -0.277 0.578 -0.478 0.158 0.514 0.300 0.971 0.141 0.008 0.022 -0.001 -0.524 0.188 0.525 -0.510 0.183 0.511 0.898 0.452 -0.575 0.416 0.103 -0.252 -0.518 0.186 0.519 -0.305 -0.174 -0.294 -0.410 0.138 -0.229
-0.645 0.230 0.578 -0.657 0.285 0.607 -0.571 0.246 0.593 0.406 -1.489 0.028 0.550 -0.377 0.575 -0.687 0.327 0.612 0.207 1.150 0.187 0.007 0.028 -0.001 -0.679 0.291 0.625 -0.660 0.283 0.608 0.962 0.557 -0.550 0.431 0.165 -0.260 -0.671 0.288 0.618 -0.226 -0.217 -0.346 -0.326 0.177 -0.267
-0.804 0.307 0.658 -0.806 0.390 0.692 -0.633 0.318 0.677 0.687 -1.814 0.039 0.819 -0.475 0.570 -0.899 0.494 0.698 0.110 1.328 0.228 0.006 0.035 -0.001 -0.835 0.395 0.713 -0.811 0.384 0.694 1.002 0.645 -0.517 0.444 0.228 -0.253 -0.825 0.390 0.705 -0.143 -0.258 -0.399 -0.241 0.216 -0.305
-0.961 0.383 0.728 -0.954 0.492 0.767 -0.695 0.390 0.750 0.991 -2.130 0.046 1.110 -0.572 0.562 -1.113 0.657 0.773 0.010 1.501 0.264 0.005 0.042 -0.001 -0.990 0.496 0.790 -0.962 0.482 0.768 1.025 0.719 -0.481 0.457 0.290 -0.235 -0.978 0.490 0.781 -0.063 -0.297 -0.450 -0.157 0.255 -0.341
-1.117 0.454 0.791 -1.102 0.591 0.835 -0.755 0.462 0.816 1.313 -2.432 0.050 1.420 -0.664 0.553 -1.327 0.813 0.842 -0.093 1.669 0.296 0.004 0.049 -0.000 -1.144 0.592 0.860 -1.112 0.576 0.836 1.048 0.789 -0.448 0.469 0.350 -0.214 -1.130 0.586 0.850 0.012 -0.334 -0.499 -0.081 0.294 -0.375
-1.267 0.519 0.844 -1.245 0.682 0.891 -0.811 0.529 0.871 1.651 -2.721 0.051 1.746 -0.752 0.542 -1.536 0.961 0.898 -0.198 1.829 0.323 0.003 0.056 -0.000 -1.293 0.682 0.918 -1.257 0.663 0.892 1.069 0.850 -0.423 0.479 0.406 -0.191 -1.278 0.674 0.907 0.073 -0.362 -0.540 -0.015 0.329 -0.403
-1.414 0.574 0.880 -1.386 0.761 0.929 -0.866 0.587 0.908 1.997 -2.994 0.045 2.082 -0.835 0.528 -1.745 1.094 0.936 -0.305 1.979 0.342 0.001 0.063 -0.000 -1.440 0.759 0.957 -1.400 0.738 0.930 1.100 0.902 -0.416 0.495 0.454 -0.169 -1.423 0.750 0.946 0.111 -0.369 -0.569 0.044 0.360 -0.421
-1.560 0.615 0.895 -1.528 0.825 0.944 -0.922 0.632 0.923 2.342 -3.253 0.032 2.421 -0.911 0.509 -1.953 1.211 0.952 -0.414 2.116 0.352 -0.000 0.071 -0.000 -1.587 0.820 0.973 -1.543 0.798 0.946 1.148 0.942 -0.434 0.521 0.493 -0.150 -1.569 0.811 0.961 0.118 -0.343 -0.581 0.096 0.386 -0.426
-1.707 0.645 0.896 -1.670 0.877 0.945 -0.982 0.667 0.924 2.679 -3.494 0.015 2.755 -0.981 0.489 -2.162 1.313 0.953 -0.525 2.241 0.355 -0.002 0.078 0.000 -1.736 0.869 0.974 -1.688 0.845 0.947 1.211 0.974 -0.466 0.556 0.523 -0.131 -1.716 0.859 0.962 0.109 -0.298 -0.582 0.147 0.406 -0.422
-1.818 0.677 0.859 -1.779 0.930 0.906 -1.011 0.705 0.886 3.034 -3.707 -0.017 3.098 -1.043 0.462 -2.335 1.413 0.913 -0.628 2.361 0.344 -0.004 0.084 0.000 -1.849 0.919 0.933 -1.798 0.893 0.907 1.110 0.915 -0.474 0.574 0.560 -0.047 -1.827 0.908 0.922 0.123 -0.253 -0.593 0.217 0.430 -0.424
-1.871 0.716 0.764 -1.829 0.987 0.804 -0.988 0.750 0.786 3.425 -3.887 -0.072 3.455 -1.096 0.425 -2.448 1.514 0.810 -0.717 2.476 0.308 -0.006 0.089 0.000 -1.902 0.974 0.828 -1.849 0.947 0.805 0.765 0.728 -0.421 0.560 0.608 0.132 -1.879 0.962 0.818 0.172 -0.208 -0.616 0.307 0.459 -0.432
-1.885 0.754 0.630 -1.840 1.043 0.661 -0.931 0.794 0.647 3.824 -4.040 -0.141 3.809 -1.139 0.382 -2.522 1.612 0.667 -0.797 2.582 0.256 -0.007 0.094 0.000 -1.915 1.027 0.681 -1.862 0.999 0.663 0.303 0.488 -0.283 0.518 0.654 0.357 -1.892 1.015 0.673 0.247 -0.166 -0.642 0.402 0.484 -0.441
-0.086 0.261 0.419 -0.081 0.354 0.438 -0.041 0.312 0.428 0.121 -0.291 0.298 0.246 -0.380 0.376 -0.101 0.387 0.441 0.137 -0.473 -0.697 0.005 -0.009 -0.014 -0.085 0.363 0.451 -0.083 0.353 0.439 0.529 0.524 -0.287 -0.081 0.200 -0.346 -0.084 0.359 0.446 -0.194 0.279 -0.079 -0.250 0.214 -0.053
-0.204 0.276 0.501 -0.202 0.371 0.524 -0.155 0.328 0.512 0.003 -0.277 0.329 0.177 -0.381 0.390 -0.222 0.403 0.528 0.108 -0.464 -0.662 0.005 -0.009 -0.014 -0.210 0.380 0.540 -0.205 0.370 0.525 0.625 0.529 -0.301 0.007 0.213 -0.320 -0.208 0.376 0.534 -0.081 0.220 -0.148 -0.151 0.223 -0.102
-0.334 0.315 0.651 -0.336 0.413 0.683 -0.280 0.371 0.668 -0.126 -0.243 0.391 0.101 -0.380 0.420 -0.356 0.444 0.688 0.077 -0.443 -0.599 0.005 -0.008 -0.013 -0.348 0.424 0.703 -0.338 0.412 0.684 0.722 0.558 -0.241 0.092 0.243 -0.281 -0.344 0.419 0.695 0.105 0.062 -0.276 -0.053 0.243 -0.196
-0.468 0.366 0.822 -0.473 0.469 0.863 -0.407 0.426 0.844 -0.259 -0.199 0.462 0.023 -0.379 0.454 -0.494 0.497 0.870 0.045 -0.416 -0.526 0.004 -0.008 -0.013 -0.489 0.482 0.889 -0.475 0.468 0.864 0.817 0.602 -0.153 0.172 0.280 -0.235 -0.483 0.476 0.878 0.335 -0.147 -0.423 0.041 0.267 -0.306
-0.583 0.388 0.900 -0.590 0.492 0.946 -0.517 0.449 0.925 -0.373 -0.179 0.494 -0.042 -0.379 0.470 -0.612 0.519 0.953 0.017 -0.404 -0.493 0.004 -0.007 -0.013 -0.610 0.505 0.974 -0.593 0.491 0.947 0.911 0.622 -0.148 0.250 0.297 -0.207 -0.602 0.499 0.963 0.477 -0.234 -0.492 0.128 0.278 -0.356
-0.672 0.378 0.895 -0.681 0.482 0.940 -0.603 0.439 0.920 -0.461 -0.185 0.490 -0.092 -0.381 0.468 -0.702 0.510 0.948 -0.005 -0.408 -0.495 0.004 -0.008 -0.013 -0.703 0.495 0.969 -0.684 0.481 0.942 1.000 0.613 -0.214 0.322 0.292 -0.199 -0.695 0.489 0.958 0.516 -0.195 -0.490 0.205 0.274 -0.351
-0.743 0.371 0.891 -0.752 0.474 0.936 -0.671 0.430 0.915 -0.530 -0.190 0.488 -0.131 -0.382 0.468 -0.773 0.503 0.944 -0.022 -0.410 -0.496 0.004 -0.008 -0.013 -0.777 0.486 0.964 -0.756 0.473 0.938 1.071 0.607 -0.264 0.379 0.288 -0.193 -0.768 0.481 0.953 0.548 -0.164 -0.489 0.265 0.272 -0.348
-0.789 0.366 0.887 -0.800 0.469 0.932 -0.716 0.425 0.911 -0.575 -0.193 0.489 -0.154 -0.383 0.470 -0.820 0.498 0.939 -0.033 -0.412 -0.498 0.004 -0.008 -0.013 -0.826 0.481 0.960 -0.803 0.468 0.933 1.117 0.604 -0.297 0.416 0.285 -0.189 -0.817 0.476 0.949 0.569 -0.145 -0.488 0.304 0.270 -0.346
-0.772 0.373 0.842 -0.783 0.476 0.884 -0.700 0.433 0.864 -0.557 -0.189 0.478 -0.138 -0.385 0.468 -0.803 0.505 0.891 -0.028 -0.407 -0.516 0.004 -0.009 -0.013 -0.809 0.489 0.910 -0.787 0.475 0.885 0.966 0.517 -0.255 0.414 0.294 -0.118 -0.800 0.483 0.900 0.593 -0.135 -0.499 0.330 0.276 -0.352
-0.689 0.393 0.732 -0.700 0.497 0.767 -0.621 0.454 0.750 -0.473 -0.175 0.444 -0.083 -0.386 0.457 -0.720 0.524 0.774 -0.007 -0.396 -0.560 0.004 -0.010 -0.013 -0.723 0.510 0.791 -0.703 0.496 0.769 0.566 0.318 -0.083 0.373 0.314 0.051 -0.714 0.504 0.781 0.636 -0.129 -0.526 0.358 0.290 -0.368
-0.583 0.415 0.583 -0.592 0.522 0.611 -0.519 0.480 0.597 -0.363 -0.159 0.397 -0.011 -0.386 0.442 -0.614 0.548 0.615 0.019 -0.383 -0.621 0.005 -0.010 -0.013 -0.612 0.537 0.629 -0.595 0.522 0.612 0.077 0.084 0.211 0.310 0.332 0.260 -0.605 0.531 0.622 0.693 -0.120 -0.556 0.389 0.303 -0.386
-0.476 0.435 0.423 -0.483 0.547 0.443 -0.416 0.504 0.433 -0.252 -0.144 0.350 0.067 -0.384 0.429 -0.507 0.572 0.447 0.046 -0.373 -0.686 0.005 -0.010 -0.014 -0.500 0.562 0.456 -0.486 0.547 0.444 -0.394 -0.131 0.584 0.239 0.344 0.467 -0.494 0.556 0.451 0.753 -0.111 -0.584 0.415 0.312 -0.402
-0.394 0.450 0.280 -0.399 0.568 0.292 -0.335 0.523 0.286 -0.161 -0.132 0.315 0.135 -0.383 0.423 -0.424 0.593 0.295 0.066 -0.366 -0.745 0.005 -0.009 -0.014 -0.413 0.583 0.301 -0.402 0.567 0.293 -0.767 -0.300 0.937 0.185 0.349 0.639 -0.408 0.576 0.298 0.801 -0.103 -0.607 0.432 0.317 -0.416
-0.360 0.461 0.177 -0.365 0.581 0.184 -0.302 0.536 0.180 -0.116 -0.123 0.300 0.179 -0.384 0.429 -0.391 0.606 0.186 0.072 -0.360 -0.787 0.005 -0.008 -0.014 -0.378 0.597 0.190 -0.368 0.580 0.185 -0.971 -0.405 1.130 0.183 0.353 0.753 -0.374 0.590 0.188 0.822 -0.098 -0.620 0.437 0.320 -0.423
-0.361 0.470 0.103 -0.366 0.589 0.106 -0.302 0.545 0.104 -0.102 -0.117 0.301 0.205 -0.386 0.445 -0.394 0.613 0.107 0.070 -0.355 -0.817 0.005 -0.008 -0.014 -0.379 0.605 0.110 -0.369 0.588 0.107 -1.062 -0.471 1.187 0.220 0.358 0.828 -0.375 0.598 0.108 0.823 -0.094 -0.626 0.434 0.322 -0.426
-0.364 0.478 0.032 -0.370 0.596 0.031 -0.305 0.553 0.030 -0.090 -0.110 0.305 0.232 -0.387 0.464 -0.398 0.619 0.031 0.066 -0.350 -0.846 0.005 -0.008 -0.015 -0.383 0.612 0.032 -0.372 0.595 0.031 -1.142 -0.531 1.233 0.257 0.364 0.897 -0.378 0.605 0.032 0.824 -0.091 -0.631 0.430 0.324 -0.429
-0.367 0.485 -0.035 -0.374 0.602 -0.040 -0.308 0.560 -0.039 -0.077 -0.104 0.313 0.262 -0.388 0.485 -0.403 0.625 -0.040 0.063 -0.345 -0.873 0.005 -0.008 -0.015 -0.387 0.619 -0.041 -0.376 0.602 -0.040 -1.215 -0.584 1.271 0.290 0.368 0.957 -0.382 0.612 -0.041 0.824 -0.089 -0.635 0.426 0.326 -0.431
-0.317 0.503 -0.161 -0.322 0.624 -0.172 -0.259 0.582 -0.169 -0.008 -0.090 0.298 0.322 -0.386 0.496 -0.352 0.644 -0.174 0.071 -0.337 -0.925 0.006 -0.007 -0.015 -0.334 0.641 -0.178 -0.324 0.623 -0.173 -1.478 -0.698 1.581 0.268 0.373 1.101 -0.330 0.633 -0.176 0.870 -0.111 -0.657 0.428 0.331 -0.447
-0.278 0.523 -0.220 -0.281 0.649 -0.233 -0.221 0.609 -0.228 0.048 -0.073 0.314 0.379 -0.383 0.521 -0.312 0.667 -0.235 0.079 -0.326 -0.948 0.006 -0.006 -0.015 -0.291 0.667 -0.240 -0.283 0.648 -0.233 -1.657 -0.747 1.840 0.231 0.382 1.186 -0.288 0.659 -0.237 0.928 -0.174 -0.695 0.421 0.340 -0.475
-0.316 0.534 -0.092 -0.320 0.660 -0.098 -0.256 0.621 -0.096 0.024 -0.065 0.415 0.396 -0.386 0.580 -0.351 0.677 -0.099 0.072 -0.318 -0.894 0.006 -0.006 -0.015 -0.331 0.678 -0.101 -0.322 0.660 -0.098 -1.476 -0.621 1.641 0.224 0.396 1.069 -0.327 0.670 -0.100 0.947 -0.263 -0.729 0.396 0.349 -0.505
-0.377 0.540 0.097 -0.382 0.665 0.100 -0.314 0.626 0.098 -0.025 -0.062 0.544 0.402 -0.391 0.651 -0.415 0.682 0.101 0.060 -0.312 -0.815 0.006 -0.008 -0.014 -0.395 0.683 0.103 -0.384 0.664 0.100 -1.161 -0.423 1.299 0.221 0.409 0.874 -0.391 0.675 0.102 0.948 -0.360 -0.757 0.360 0.357 -0.531
-0.741 0.465 0.551 -0.744 0.582 0.580 -0.657 0.552 0.567 -0.207 -0.114 1.267 0.212 -0.371 0.912 -0.776 0.596 0.585 -0.022 -0.364 -0.633 0.004 -0.009 -0.013 -0.768 0.598 0.598 -0.747 0.581 0.581 0.376 0.364 -0.169 0.377 0.384 0.063 -0.759 0.591 0.591 0.792 -0.462 -0.707 0.280 0.316 -0.512
-0.728 0.459 0.569 -0.731 0.574 0.598 -0.645 0.545 0.584 -0.193 -0.119 1.274 0.219 -0.371 0.916 -0.763 0.589 0.602 -0.020 -0.367 -0.627 0.004 -0.009 -0.013 -0.755 0.590 0.616 -0.734 0.573 0.599 0.478 0.420 -0.229 0.382 0.377 0.010 -0.746 0.583 0.608 0.720 -0.457 -0.687 0.222 0.312 -0.500
-0.710 0.451 0.575 -0.713 0.565 0.604 -0.628 0.535 0.591 -0.175 -0.125 1.278 0.229 -0.372 0.918 -0.746 0.580 0.609 -0.016 -0.372 -0.624 0.004 -0.009 -0.013 -0.736 0.580 0.622 -0.716 0.564 0.605 0.563 0.466 -0.284 0.384 0.369 -0.038 -0.728 0.573 0.615 0.644 -0.440 -0.663 0.166 0.306 -0.484
-0.689 0.442 0.573 -0.693 0.554 0.602 -0.608 0.524 0.589 -0.154 -0.132 1.277 0.241 -0.373 0.918 -0.725 0.570 0.607 -0.011 -0.377 -0.626 0.005 -0.008 -0.013 -0.715 0.569 0.620 -0.695 0.553 0.603 0.632 0.503 -0.332 0.384 0.360 -0.080 -0.707 0.562 0.613 0.567 -0.416 -0.637 0.113 0.300 -0.466
-0.666 0.433 0.566 -0.670 0.543 0.593 -0.586 0.513 0.580 -0.132 -0.140 1.274 0.254 -0.373 0.916 -0.703 0.561 0.598 -0.006 -0.382 -0.629 0.005 -0.008 -0.013 -0.692 0.558 0.611 -0.673 0.542 0.594 0.686 0.530 -0.373 0.381 0.351 -0.116 -0.684 0.551 0.604 0.494 -0.387 -0.611 0.065 0.293 -0.448
-0.644 0.424 0.555 -0.647 0.533 0.581 -0.564 0.502 0.568 -0.110 -0.147 1.269 0.267 -0.374 0.914 -0.681 0.552 0.586 -0.001 -0.387 -0.634 0.005 -0.008 -0.013 -0.669 0.547 0.599 -0.650 0.532 0.582 0.726 0.550 -0.408 0.377 0.343 -0.145 -0.661 0.541 0.592 0.428 -0.357 -0.586 0.023 0.287 -0.430
-0.619 0.411 0.529 -0.622 0.519 0.554 -0.540 0.487 0.542 -0.085 -0.157 1.258 0.281 -0.375 0.908 -0.656 0.539 0.558 0.005 -0.394 -0.646 0.005 -0.008 -0.014 -0.643 0.532 0.571 -0.625 0.518 0.555 0.755 0.559 -0.449 0.373 0.332 -0.170 -0.635 0.526 0.564 0.353 -0.309 -0.552 -0.015 0.279 -0.405
-0.591 0.394 0.487 -0.595 0.500 0.509 -0.515 0.468 0.498 -0.059 -0.170 1.240 0.296 -0.377 0.900 -0.629 0.521 0.513 0.012 -0.403 -0.663 0.005 -0.008 -0.014 -0.615 0.513 0.525 -0.598 0.498 0.510 0.776 0.556 -0.501 0.371 0.319 -0.193 -0.608 0.507 0.518 0.267 -0.240 -0.508 -0.053 0.270 -0.372
-0.566 0.377 0.442 -0.571 0.481 0.461 -0.492 0.449 0.451 -0.035 -0.183 1.220 0.310 -0.378 0.890 -0.604 0.504 0.465 0.017 -0.411 -0.683 0.005 -0.008 -0.014 -0.590 0.493 0.475 -0.573 0.480 0.462 0.790 0.548 -0.550 0.371 0.306 -0.210 -0.583 0.488 0.470 0.190 -0.171 -0.466 -0.086 0.262 -0.340
-0.549 0.366 0.408 -0.553 0.468 0.426 -0.475 0.436 0.416 -0.017 -0.192 1.205 0.320 -0.379 0.883 -0.586 0.492 0.429 0.021 -0.417 -0.697 0.005 -0.008 -0.014 -0.572 0.480 0.439 -0.556 0.467 0.426 0.798 0.540 -0.586 0.373 0.297 -0.218 -0.565 0.475 0.433 0.137 -0.123 -0.436 -0.112 0.256 -0.317
-0.537 0.363 0.396 -0.542 0.465 0.412 -0.465 0.432 0.403 -0.006 -0.194 1.199 0.325 -0.380 0.881 -0.575 0.489 0.415 0.024 -0.418 -0.702 0.005 -0.008 -0.014 -0.560 0.477 0.424 -0.545 0.463 0.413 0.803 0.538 -0.600 0.376 0.294 -0.220 -0.554 0.471 0.420 0.113 -0.109 -0.425 -0.133 0.255 -0.309
-0.529 0.365 0.398 -0.534 0.467 0.415 -0.456 0.435 0.406 0.003 -0.192 1.200 0.330 -0.380 0.882 -0.567 0.491 0.418 0.026 -0.416 -0.701 0.005 -0.008 -0.014 -0.551 0.479 0.427 -0.536 0.466 0.415 0.807 0.541 -0.597 0.378 0.295 -0.219 -0.545 0.473 0.422 0.107 -0.117 -0.427 -0.155 0.256 -0.311
-0.522 0.370 0.409 -0.527 0.472 0.426 -0.450 0.440 0.416 0.009 -0.187 1.205 0.332 -0.380 0.885 -0.561 0.496 0.429 0.027 -0.413 -0.696 0.005 -0.008 -0.014 -0.545 0.485 0.438 -0.530 0.471 0.426 0.810 0.546 -0.587 0.379 0.298 -0.216 -0.539 0.479 0.433 0.110 -0.137 -0.436 -0.173 0.258 -0.319
-0.521 0.379 0.430 -0.526 0.482 0.448 -0.448 0.450 0.438 0.011 -0.180 1.214 0.333 -0.380 0.889 -0.561 0.505 0.452 0.027 -0.409 -0.687 0.005 -0.008 -0.014 -0.543 0.494 0.461 -0.528 0.481 0.449 0.811 0.555 -0.565 0.379 0.304 -0.212 -0.537 0.488 0.456 0.129 -0.173 -0.454 -0.184 0.262 -0.333
-0.523 0.399 0.478 -0.529 0.503 0.499 -0.450 0.471 0.488 0.008 -0.164 1.235 0.330 -0.379 0.900 -0.564 0.525 0.503 0.027 -0.399 -0.667 0.005 -0.008 -0.014 -0.547 0.516 0.514 -0.531 0.502 0.500 0.810 0.574 -0.515 0.377 0.317 -0.201 -0.540 0.510 0.508 0.179 -0.252 -0.495 -0.196 0.270 -0.365
-0.522 0.424 0.535 -0.527 0.529 0.558 -0.448 0.498 0.546 0.010 -0.143 1.259 0.330 -0.378 0.912 -0.564 0.550 0.562 0.027 -0.387 -0.643 0.005 -0.007 -0.014 -0.545 0.543 0.575 -0.530 0.528 0.559 0.810 0.599 -0.458 0.376 0.333 -0.187 -0.539 0.537 0.568 0.234 -0.351 -0.544 -0.222 0.280 -0.403
-0.505 0.447 0.594 -0.511 0.553 0.620 -0.431 0.522 0.606 0.027 -0.123 1.284 0.337 -0.378 0.926 -0.550 0.573 0.625 0.030 -0.375 -0.618 0.005 -0.007 -0.013 -0.528 0.568 0.639 -0.513 0.552 0.621 0.869 0.653 -0.432 0.382 0.346 -0.197 -0.522 0.561 0.631 0.253 -0.452 -0.580 -0.304 0.288 -0.434
-0.503 0.447 0.629 -0.509 0.552 0.657 -0.429 0.521 0.642 0.030 -0.123 1.297 0.334 -0.378 0.932 -0.549 0.572 0.662 0.029 -0.375 -0.604 0.005 -0.006 -0.013 -0.526 0.566 0.677 -0.512 0.551 0.658 0.998 0.725 -0.476 0.391 0.341 -0.250 -0.520 0.560 0.669 0.224 -0.474 -0.573 -0.370 0.285 -0.431
-0.568 0.448 0.706 -0.573 0.556 0.740 -0.490 0.525 0.723 -0.036 -0.123 1.324 0.295 -0.375 0.941 -0.611 0.575 0.746 0.013 -0.376 -0.572 0.005 -0.006 -0.013 -0.592 0.570 0.762 -0.576 0.554 0.741 1.133 0.815 -0.487 0.389 0.342 -0.311 -0.585 0.563 0.753 0.295 -0.525 -0.592 -0.312 0.285 -0.447
-0.674 0.448 0.789 -0.676 0.558 0.829 -0.588 0.527 0.810 -0.142 -0.126 1.350 0.232 -0.370 0.947 -0.712 0.577 0.835 -0.011 -0.379 -0.538 0.004 -0.006 -0.013 -0.698 0.573 0.854 -0.679 0.557 0.830 1.236 0.891 -0.474 0.379 0.344 -0.362 -0.690 0.566 0.844 0.427 -0.570 -0.621 -0.162 0.284 -0.468
-0.777 0.439 0.831 -0.776 0.553 0.876 -0.685 0.521 0.857 -0.249 -0.137 1.354 0.167 -0.366 0.939 -0.810 0.572 0.883 -0.034 -0.386 -0.521 0.004 -0.006 -0.013 -0.801 0.567 0.903 -0.779 0.552 0.878 1.267 0.914 -0.461 0.368 0.343 -0.386 -0.792 0.561 0.892 0.552 -0.565 -0.635 0.026 0.282 -0.476
-0.853 0.429 0.844 -0.851 0.545 0.891 -0.758 0.512 0.872 -0.334 -0.149 1.341 0.112 -0.364 0.923 -0.882 0.564 0.898 -0.050 -0.393 -0.516 0.004 -0.006 -0.013 -0.879 0.559 0.918 -0.854 0.544 0.893 1.248 0.900 -0.449 0.361 0.341 -0.385 -0.868 0.553 0.907 0.644 -0.536 -0.639 0.191 0.280 -0.476
-0.890 0.426 0.855 -0.888 0.542 0.903 -0.793 0.508 0.883 -0.381 -0.154 1.323 0.073 -0.363 0.905 -0.917 0.562 0.911 -0.058 -0.395 -0.512 0.004 -0.006 -0.013 -0.916 0.557 0.931 -0.891 0.541 0.905 1.240 0.889 -0.438 0.364 0.341 -0.377 -0.905 0.550 0.920 0.692 -0.525 -0.642 0.268 0.279 -0.477
-0.897 0.429 0.863 -0.894 0.545 0.911 -0.800 0.510 0.891 -0.399 -0.155 1.299 0.046 -0.364 0.885 -0.923 0.565 0.919 -0.059 -0.394 -0.508 0.004 -0.006 -0.013 -0.923 0.559 0.939 -0.898 0.544 0.913 1.227 0.872 -0.423 0.375 0.344 -0.357 -0.912 0.553 0.928 0.708 -0.525 -0.646 0.285 0.281 -0.479
-0.900 0.434 0.864 -0.898 0.549 0.913 -0.803 0.514 0.893 -0.415 -0.153 1.270 0.019 -0.365 0.861 -0.926 0.570 0.920 -0.058 -0.391 -0.508 0.004 -0.006 -0.013 -0.927 0.564 0.940 -0.901 0.548 0.914 1.183 0.837 -0.399 0.387 0.348 -0.321 -0.916 0.557 0.929 0.731 -0.524 -0.654 0.307 0.285 -0.484
-0.898 0.440 0.856 -0.896 0.554 0.904 -0.802 0.518 0.884 -0.428 -0.151 1.235 -0.008 -0.366 0.833 -0.924 0.575 0.911 -0.057 -0.388 -0.511 0.004 -0.007 -0.013 -0.925 0.569 0.931 -0.899 0.554 0.905 1.106 0.781 -0.366 0.400 0.354 -0.269 -0.914 0.563 0.920 0.755 -0.519 -0.663 0.333 0.290 -0.489
-0.890 0.445 0.835 -0.889 0.559 0.880 -0.795 0.522 0.861 -0.436 -0.149 1.191 -0.033 -0.368 0.801 -0.916 0.580 0.887 -0.054 -0.385 -0.519 0.004 -0.007 -0.013 -0.918 0.574 0.907 -0.892 0.559 0.882 0.996 0.703 -0.325 0.413 0.361 -0.200 -0.907 0.568 0.896 0.778 -0.504 -0.670 0.365 0.295 -0.492
-0.876 0.450 0.795 -0.876 0.562 0.838 -0.783 0.525 0.820 -0.439 -0.148 1.138 -0.056 -0.369 0.764 -0.903 0.584 0.845 -0.049 -0.382 -0.535 0.004 -0.008 -0.013 -0.904 0.578 0.864 -0.879 0.562 0.840 0.853 0.602 -0.276 0.427 0.366 -0.116 -0.894 0.571 0.854 0.795 -0.473 -0.674 0.402 0.299 -0.491
-0.857 0.453 0.740 -0.857 0.565 0.780 -0.766 0.526 0.762 -0.436 -0.147 1.077 -0.077 -0.371 0.722 -0.883 0.586 0.786 -0.043 -0.380 -0.558 0.004 -0.008 -0.013 -0.885 0.580 0.803 -0.860 0.564 0.781 0.679 0.481 -0.211 0.440 0.372 -0.017 -0.875 0.573 0.794 0.812 -0.433 -0.675 0.443 0.303 -0.488
