-35.36 128.39 312.28 -31.72 126.86 282.60 -36.07 110.76 283.26 -88.36 93.31 285.07 -126.41 100.43 301.52 -20.43 139.14 283.26 -29.04 162.50 248.31 -41.56 173.28 228.27 -30.02 125.92 214.78 -32.65 116.96 190.34 -40.85 110.17 105.03 -15.29 112.66 28.55 -23.85 132.93 189.59 -57.74 163.87 119.01 -63.13 146.99 37.13
-36.56 128.38 312.15 -32.92 126.86 282.47 -37.26 110.75 283.13 -89.56 93.30 284.93 -127.63 100.43 301.36 -21.63 139.13 283.13 -30.24 162.50 248.18 -42.76 173.28 228.14 -31.21 125.92 214.65 -33.85 116.96 190.22 -41.31 110.15 104.74 -15.29 112.66 28.55 -25.05 132.93 189.47 -58.20 163.45 118.01 -63.13 146.99 35.97
-37.78 128.38 312.02 -34.13 126.85 282.34 -38.48 110.75 283.00 -90.78 93.30 284.79 -128.85 100.43 301.21 -22.85 139.13 283.00 -31.45 162.49 248.05 -43.98 173.27 228.01 -32.43 125.91 214.52 -35.06 116.95 190.09 -41.75 110.12 104.45 -15.29 112.66 28.55 -26.26 132.92 189.34 -58.35 162.33 116.27 -63.13 146.99 33.86
-38.95 128.38 311.90 -35.31 126.85 282.21 -39.66 110.74 282.87 -91.96 93.30 284.65 -130.04 100.42 301.06 -24.02 139.13 282.87 -32.63 162.49 247.92 -45.15 173.27 227.89 -33.61 125.91 214.39 -36.24 116.95 189.96 -42.16 110.10 104.18 -15.29 112.66 28.55 -27.44 132.92 189.21 -58.27 160.85 114.31 -63.13 146.99 31.46
-40.04 128.37 311.78 -36.40 126.84 282.09 -40.74 110.74 282.76 -93.04 93.29 284.52 -131.13 100.42 300.93 -25.11 139.12 282.76 -33.71 162.49 247.81 -46.24 173.26 227.77 -34.69 125.90 214.27 -37.32 116.95 189.84 -42.52 110.09 103.93 -15.29 112.66 28.55 -28.52 132.91 189.09 -58.50 160.22 113.34 -63.13 146.99 30.32
-40.98 128.37 311.68 -37.33 126.84 281.99 -41.68 110.74 282.65 -93.98 93.29 284.42 -132.07 100.42 300.82 -26.05 139.12 282.65 -34.65 162.48 247.70 -47.18 173.26 227.67 -35.63 125.90 214.17 -38.26 116.94 189.74 -42.81 110.08 103.73 -15.29 112.66 28.55 -29.46 132.91 188.99 -59.08 160.49 113.27 -63.13 146.99 30.32
-41.71 128.37 311.60 -38.07 126.84 281.91 -42.42 110.73 282.57 -94.72 93.29 284.33 -132.81 100.42 300.73 -26.78 139.12 282.57 -35.39 162.48 247.62 -47.91 173.26 227.59 -36.37 125.90 214.09 -39.00 116.94 189.66 -43.03 110.08 103.57 -15.29 112.66 28.55 -30.20 132.91 188.91 -59.52 160.69 113.20 -63.13 146.99 30.32
-42.19 128.36 311.54 -38.55 126.84 281.86 -42.90 110.73 282.52 -95.20 93.28 284.29 -133.28 100.41 300.70 -27.27 139.11 282.52 -35.87 162.48 247.57 -48.40 173.26 227.53 -36.85 125.90 214.04 -39.48 116.94 189.60 -43.17 110.08 103.47 -15.29 112.66 28.55 -30.68 132.91 188.86 -59.81 160.82 113.16 -63.13 146.99 30.32
-42.37 128.36 311.52 -38.73 126.83 281.84 -43.07 110.73 282.50 -95.37 93.28 284.31 -133.42 100.41 300.74 -27.44 139.11 282.50 -36.04 162.48 247.55 -48.57 173.25 227.51 -37.02 125.90 214.02 -39.65 116.94 189.59 -44.17 109.84 103.61 -15.43 112.70 29.35 -30.85 132.91 188.84 -59.91 160.87 113.15 -63.13 146.99 30.32
-42.37 128.36 311.52 -38.73 126.83 281.84 -43.07 110.73 282.50 -95.36 93.28 284.37 -133.37 100.40 300.84 -27.44 139.11 282.50 -36.04 162.48 247.55 -48.57 173.25 227.51 -37.02 125.90 214.02 -39.65 116.94 189.59 -46.40 109.28 104.09 -15.88 112.75 31.35 -30.85 132.91 188.84 -59.91 160.87 113.15 -63.13 146.99 30.32
-42.37 128.36 311.52 -38.73 126.83 281.84 -43.07 110.73 282.50 -95.34 93.27 284.44 -133.30 100.39 300.98 -27.44 139.11 282.50 -36.04 162.48 247.55 -48.57 173.25 227.51 -37.02 125.90 214.02 -39.65 116.94 189.59 -49.11 108.61 104.84 -16.66 112.78 33.98 -30.85 132.91 188.84 -59.91 160.87 113.15 -63.13 146.99 30.32
-42.37 128.36 311.52 -38.73 126.83 281.84 -43.07 110.73 282.50 -95.33 93.26 284.54 -133.22 100.38 301.14 -27.44 139.11 282.50 -36.04 162.48 247.55 -48.57 173.25 227.51 -37.02 125.90 214.02 -39.65 116.94 189.59 -51.69 107.99 105.74 -17.61 112.75 36.68 -30.85 132.91 188.84 -59.91 160.87 113.15 -63.13 146.99 30.32
-42.37 128.36 311.52 -38.73 126.83 281.84 -43.07 110.73 282.50 -95.31 93.26 284.64 -133.12 100.36 301.33 -27.44 139.11 282.50 -36.04 162.48 247.55 -48.57 173.25 227.51 -37.02 125.90 214.02 -39.65 116.94 189.58 -53.71 107.50 106.57 -18.40 112.69 39.01 -30.85 132.91 188.84 -59.91 160.87 113.15 -63.13 146.99 30.32
-42.37 128.37 311.52 -38.73 126.83 281.84 -43.07 110.73 282.50 -95.28 93.25 284.77 -133.00 100.35 301.54 -27.44 139.11 282.50 -36.04 162.48 247.55 -48.57 173.25 227.51 -37.02 125.90 214.02 -39.65 116.94 189.58 -54.77 107.19 107.06 -18.58 112.65 40.67 -30.85 132.91 188.84 0.00 0.00 0.00 -63.13 146.99 30.32
-42.37 128.37 311.52 -38.73 126.83 281.84 -43.07 110.73 282.50 -95.26 93.24 284.91 -132.87 100.34 301.78 -27.44 139.11 282.50 -36.04 162.48 247.55 -48.57 173.25 227.51 -37.02 125.90 214.02 -39.65 116.94 189.58 -55.19 107.01 107.28 -18.29 112.66 41.88 -30.85 132.91 188.84 0.00 0.00 0.00 -63.13 146.99 30.32
-42.37 128.37 311.52 -38.73 126.83 281.84 -43.07 110.73 282.50 -95.23 93.23 285.05 -132.74 100.32 302.03 -27.44 139.11 282.50 -36.04 162.48 247.55 -48.57 173.25 227.51 -37.02 125.90 214.02 -39.65 116.94 189.59 -55.55 106.85 107.48 -18.01 112.67 43.02 -30.85 132.91 188.84 0.00 0.00 0.00 -63.13 146.99 30.32
-42.37 128.37 311.52 -38.73 126.83 281.84 -43.07 110.73 282.50 -95.20 93.22 285.21 -132.59 100.31 302.30 -27.44 139.11 282.50 -36.04 162.48 247.55 -48.57 173.25 227.51 -37.02 125.90 214.02 -39.65 116.94 189.59 -55.86 106.71 107.65 -17.77 112.68 44.07 -30.85 132.91 188.84 0.00 0.00 0.00 -63.13 146.99 30.32
-42.32 128.37 311.72 -38.68 126.83 282.04 -43.02 110.73 282.70 -95.12 93.22 285.57 -132.39 100.30 302.78 -27.39 139.11 282.70 -35.99 162.48 247.75 -48.52 173.25 227.71 -36.97 125.90 214.22 -39.60 116.94 189.79 -57.18 106.40 108.58 -18.22 112.69 46.51 -30.80 132.91 189.04 0.00 0.00 0.00 -63.13 146.99 30.32
-42.17 128.37 312.23 -38.53 126.84 282.54 -42.88 110.73 283.20 -94.95 93.21 286.24 -132.08 100.29 303.57 -27.25 139.11 283.20 -35.85 162.48 248.25 -48.38 173.26 228.22 -36.83 125.90 214.72 -39.46 116.94 190.29 -58.00 106.24 109.61 -18.63 112.71 48.31 -30.66 132.91 189.54 0.00 0.00 0.00 -63.13 146.99 30.32
-41.95 128.37 312.88 -38.31 126.84 283.20 -42.66 110.73 283.86 -94.69 93.21 287.07 -131.70 100.28 304.52 -27.02 139.11 283.86 -35.63 162.48 248.91 -48.15 173.26 228.87 -36.61 125.90 215.38 -39.24 116.94 190.94 -56.86 106.54 109.72 -18.22 112.72 47.07 -30.44 132.91 190.19 0.00 0.00 0.00 -63.13 146.99 30.32
-41.67 128.37 313.53 -38.02 126.84 283.85 -42.37 110.73 284.51 -94.37 93.21 287.90 -131.24 100.28 305.47 -26.74 139.12 284.51 -35.34 162.48 249.56 -47.87 173.26 229.52 -36.32 125.90 216.03 -38.95 116.94 191.60 -54.94 107.03 109.48 -17.60 112.74 44.71 -30.15 132.91 190.85 0.00 0.00 0.00 -63.13 146.99 30.32
-41.33 128.37 314.04 -37.69 126.84 284.35 -42.03 110.74 285.01 -93.99 93.21 288.57 -130.74 100.28 306.27 -26.40 139.12 285.01 -35.00 162.48 250.06 -47.53 173.26 230.03 -35.98 125.90 216.53 -38.61 116.94 192.10 -52.77 107.55 109.11 -16.85 112.76 42.29 -29.81 132.91 191.35 0.00 0.00 0.00 -63.13 146.99 30.32
-40.95 128.37 314.24 -37.31 126.84 284.55 -41.65 110.74 285.21 -93.58 93.21 288.95 -130.19 100.28 306.76 -26.02 139.12 285.21 -34.62 162.48 250.26 -47.15 173.26 230.23 -35.60 125.90 216.73 -38.23 116.94 192.30 -50.56 108.06 108.53 -16.03 112.77 39.95 -29.44 132.91 191.55 0.00 0.00 0.00 -63.13 146.99 30.32
-40.54 128.37 314.22 -36.90 126.84 284.53 -41.25 110.74 285.19 -93.14 93.21 289.10 -129.62 100.28 307.03 -25.61 139.12 285.19 -34.22 162.48 250.24 -46.74 173.26 230.21 -35.20 125.90 216.71 -37.83 116.94 192.28 -48.09 108.62 107.76 -15.21 112.78 37.31 -29.03 132.91 191.53 0.00 0.00 0.00 -63.13 146.99 30.32
-40.12 128.38 314.17 -36.48 126.84 284.48 -40.83 110.74 285.14 -92.68 93.21 289.21 -129.04 100.28 307.25 -25.20 139.12 285.14 -33.80 162.49 250.19 -46.33 173.26 230.16 -34.78 125.90 216.66 0.00 0.00 0.00 -45.52 109.21 107.04 -14.47 112.78 34.78 -28.61 132.91 191.48 0.00 0.00 0.00 -63.13 146.99 30.32
-39.71 128.38 314.09 -36.06 126.84 284.41 -40.41 110.74 285.07 -92.23 93.21 289.29 -128.47 100.29 307.44 -24.78 139.12 285.07 -33.38 162.49 250.12 -45.91 173.26 230.08 -34.36 125.91 216.59 0.00 0.00 0.00 -43.26 109.73 106.49 -13.87 112.78 32.77 -28.19 132.92 191.40 0.00 0.00 0.00 -63.13 146.99 30.32
-39.30 128.38 314.00 -35.66 126.85 284.31 -40.00 110.74 284.97 -91.79 93.22 289.34 -127.92 100.30 307.59 -24.37 139.12 284.97 -32.98 162.49 250.02 -45.50 173.27 229.99 -33.95 125.91 216.49 0.00 0.00 0.00 -41.88 110.02 106.18 -13.47 112.78 31.66 -27.79 132.92 191.31 0.00 0.00 0.00 -63.13 146.99 30.32
-38.92 128.38 313.90 -35.28 126.85 284.21 -39.62 110.74 284.88 -91.38 93.22 289.38 -127.40 100.31 307.72 -23.99 139.13 284.88 -32.60 162.49 249.92 -45.12 173.27 229.89 -33.58 125.91 216.39 0.00 0.00 0.00 -41.18 110.14 106.01 -13.21 112.77 31.15 -27.41 132.92 191.21 0.00 0.00 0.00 -63.13 146.99 30.32
-38.58 128.38 313.80 -34.94 126.85 284.11 -39.29 110.75 284.77 -91.01 93.23 289.40 -126.94 100.32 307.83 -23.65 139.13 284.77 -32.26 162.49 249.82 -44.78 173.27 229.79 -33.24 125.91 216.29 0.00 0.00 0.00 -40.52 110.26 105.84 -12.98 112.76 30.67 -27.07 132.92 191.11 0.00 0.00 0.00 -63.13 146.99 30.32
-38.29 128.38 313.70 -34.65 126.85 284.02 -39.00 110.75 284.68 -90.70 93.24 289.42 -126.55 100.33 307.92 -23.37 139.13 284.68 -31.97 162.49 249.73 -44.50 173.27 229.70 -32.95 125.91 216.20 0.00 0.00 0.00 -39.90 110.37 105.69 -12.78 112.74 30.21 -26.78 132.92 191.02 0.00 0.00 0.00 -63.13 146.99 30.32
-38.07 128.38 313.63 -34.43 126.85 283.94 -38.78 110.75 284.61 -90.46 93.24 289.44 -126.23 100.33 308.00 -23.15 139.13 284.61 -31.75 162.49 249.66 -44.28 173.27 229.62 -32.73 125.91 216.12 0.00 0.00 0.00 -39.34 110.47 105.55 -12.61 112.73 29.79 -26.56 132.92 190.94 0.00 0.00 0.00 -63.13 146.99 30.32
-37.93 128.38 313.58 -34.29 126.85 283.89 -38.63 110.75 284.55 -90.30 93.25 289.46 -126.02 100.34 308.07 -23.00 139.13 284.55 -31.61 162.49 249.60 -44.13 173.27 229.57 -32.59 125.91 216.07 0.00 0.00 0.00 -38.84 110.57 105.44 -12.47 112.71 29.42 -26.42 132.92 190.89 0.00 0.00 0.00 -63.15 146.99 30.24
-37.88 128.38 313.56 -34.24 126.85 283.87 -38.58 110.75 284.54 -90.24 93.25 289.49 -125.91 100.35 308.14 -22.95 139.13 284.54 -31.56 162.49 249.59 -44.08 173.27 229.55 -32.53 125.91 216.05 0.00 0.00 0.00 -38.41 110.66 105.36 -12.36 112.70 29.12 -26.37 132.92 190.87 0.00 0.00 0.00 -63.26 146.99 30.07
-37.88 128.38 313.56 -34.24 126.85 283.87 -38.58 110.75 284.54 -90.23 93.25 289.53 -125.88 100.35 308.20 -22.95 139.13 284.54 -31.56 162.49 249.59 -44.08 173.27 229.55 -32.53 125.91 216.05 0.00 0.00 0.00 -38.06 110.74 105.31 -12.28 112.69 28.89 -26.37 132.92 190.87 0.00 0.00 0.00 -63.55 146.99 29.86
-37.88 128.38 313.56 -34.24 126.85 283.87 -38.58 110.75 284.54 -90.23 93.26 289.55 -125.86 100.36 308.24 -22.95 139.13 284.54 -31.56 162.49 249.59 -44.08 173.27 229.55 -32.53 125.91 216.05 0.00 0.00 0.00 -37.84 110.79 105.27 -12.24 112.68 28.75 -26.37 132.92 190.87 0.00 0.00 0.00 -64.14 146.99 29.68
-37.88 128.38 313.56 -34.24 126.85 283.87 -38.58 110.75 284.54 -90.22 93.26 289.57 -125.84 100.36 308.27 -22.95 139.13 284.54 -31.56 162.49 249.59 -44.08 173.27 229.55 -32.53 125.91 216.05 0.00 0.00 0.00 -37.77 110.81 105.26 -12.22 112.68 28.70 -26.37 132.92 190.87 0.00 0.00 0.00 -65.10 146.98 29.61
-37.88 128.38 313.56 -34.24 126.85 283.87 -38.58 110.75 284.54 -90.22 93.26 289.59 -125.82 100.37 308.31 -22.95 139.13 284.54 -31.56 162.49 249.59 -44.08 173.27 229.55 -32.53 125.91 216.05 0.00 0.00 0.00 -37.84 110.79 105.27 -12.24 112.67 28.74 -26.37 132.92 190.87 0.00 0.00 0.00 -71.49 146.96 30.32
-37.88 128.39 313.56 -34.24 126.85 283.87 -38.58 110.75 284.54 -90.21 93.26 289.61 -125.80 100.37 308.34 -22.95 139.13 284.54 -31.56 162.49 249.59 -44.08 173.27 229.55 -32.53 125.91 216.05 0.00 0.00 0.00 -38.03 110.74 105.30 -12.28 112.67 28.88 -26.37 132.92 190.87 0.00 0.00 0.00 -71.11 146.96 30.44
-37.88 128.39 313.56 -34.24 126.85 283.87 -38.58 110.75 284.54 -90.21 93.27 289.63 -125.78 100.38 308.37 -22.95 139.13 284.54 -31.56 162.49 249.59 -44.08 173.27 229.55 -32.53 125.91 216.05 0.00 0.00 0.00 -38.35 110.66 105.35 -12.34 112.67 29.09 -26.37 132.92 190.87 0.00 0.00 0.00 -70.11 146.96 30.54
-37.91 128.39 313.67 -34.27 126.85 283.99 -38.62 110.75 284.65 -90.24 93.27 289.77 -125.80 100.38 308.52 -22.99 139.13 284.65 -31.59 162.49 249.70 -44.12 173.27 229.67 -32.57 125.91 216.17 0.00 0.00 0.00 -38.64 110.60 105.51 -12.44 112.67 29.37 -26.40 132.92 190.99 0.00 0.00 0.00 -68.69 146.97 30.62
-38.01 128.38 313.97 -34.37 126.85 284.28 -38.72 110.75 284.95 -90.34 93.27 290.08 -125.88 100.38 308.84 -23.09 139.13 284.95 -31.69 162.49 250.00 -44.22 173.27 229.96 -32.67 125.91 216.46 0.00 0.00 0.00 -38.84 110.58 105.81 -12.57 112.67 29.73 -26.50 132.92 191.28 0.00 0.00 0.00 -67.06 146.97 30.68
-38.17 128.38 314.35 -34.53 126.85 284.67 -38.88 110.75 285.33 -90.49 93.27 290.47 -126.03 100.39 309.25 -23.25 139.13 285.33 -31.85 162.49 250.38 -44.38 173.27 230.34 -32.83 125.91 216.85 0.00 0.00 0.00 -39.04 110.57 106.20 -12.73 112.67 30.14 -26.66 132.92 191.66 0.00 0.00 0.00 -65.44 146.98 30.73
-38.39 128.38 314.73 -34.75 126.85 285.05 -39.09 110.75 285.71 -90.70 93.27 290.87 -126.23 100.39 309.66 -23.46 139.13 285.71 -32.06 162.49 250.76 -44.59 173.27 230.72 -33.04 125.91 217.23 0.00 0.00 0.00 -39.33 110.54 106.60 -12.93 112.67 30.61 -26.88 132.92 192.04 0.00 0.00 0.00 -64.02 146.98 30.77
-38.65 128.38 315.02 -35.01 126.85 285.34 -39.35 110.74 286.00 -90.96 93.27 291.18 -126.47 100.39 309.97 -23.72 139.13 286.00 -32.32 162.49 251.05 -44.85 173.27 231.01 -33.30 125.91 217.52 0.00 0.00 0.00 -39.86 110.46 106.94 -13.18 112.68 31.14 -27.14 132.92 192.34 0.00 0.00 0.00 -63.02 146.99 30.78
-38.95 128.38 315.14 -35.31 126.85 285.46 -39.65 110.74 286.12 0.00 0.00 0.00 -126.76 100.39 310.12 -24.02 139.13 286.12 -32.63 162.49 251.17 -45.15 173.27 231.13 -33.60 125.91 217.64 0.00 0.00 0.00 -40.71 110.31 107.15 -13.49 112.70 31.74 -27.44 132.92 192.45 0.00 0.00 0.00 -62.64 146.99 30.79
-39.29 128.38 315.03 -35.65 126.85 285.34 -39.99 110.74 286.00 0.00 0.00 0.00 -127.08 100.40 310.03 -24.36 139.12 286.00 -32.96 162.49 251.05 -45.49 173.27 231.02 -33.94 125.91 217.52 0.00 0.00 0.00 -41.89 110.07 107.21 -13.87 112.73 32.39 -27.78 132.92 192.34 0.00 0.00 0.00 -62.64 146.99 30.70
-39.65 128.38 314.72 -36.01 126.84 285.03 -40.36 110.74 285.69 0.00 0.00 0.00 -127.44 100.40 309.74 -24.73 139.12 285.69 -33.33 162.49 250.74 -45.86 173.26 230.71 -34.31 125.91 217.21 0.00 0.00 0.00 -43.29 109.78 107.13 -14.30 112.75 33.07 -28.14 132.92 192.03 0.00 0.00 0.00 -62.64 146.99 30.48
-40.05 128.38 314.26 -36.41 126.84 284.58 -40.75 110.74 285.24 0.00 0.00 0.00 -127.82 100.40 309.30 -25.12 139.12 285.24 -33.72 162.49 250.29 -46.25 173.26 230.25 -34.70 125.90 216.76 0.00 0.00 0.00 -44.80 109.46 106.95 -14.79 112.78 33.77 -28.54 132.91 191.58 0.00 0.00 0.00 -62.64 146.99 30.20
-40.45 128.38 313.71 -36.82 126.84 284.02 -41.16 110.74 284.69 0.00 0.00 0.00 -128.22 100.40 308.77 -25.53 139.12 284.69 -34.13 162.48 249.74 -46.66 173.26 229.70 -35.11 125.90 216.20 0.00 0.00 0.00 -46.35 109.13 106.72 -15.32 112.79 34.45 -28.94 132.91 191.02 0.00 0.00 0.00 -62.64 146.99 29.92
-40.88 128.38 313.11 -37.24 126.84 283.42 -41.58 110.74 284.08 0.00 0.00 0.00 -128.63 100.40 308.19 -25.95 139.12 284.08 -34.55 162.48 249.13 -47.08 173.26 229.10 -35.53 125.90 215.60 0.00 0.00 0.00 -47.87 108.80 106.46 -15.89 112.80 35.11 -29.37 132.91 190.42 0.00 0.00 0.00 -62.64 146.99 29.70
-41.30 128.37 312.50 -37.66 126.84 282.82 -42.01 110.74 283.48 0.00 0.00 0.00 -129.04 100.40 307.60 -26.38 139.12 283.48 -34.98 162.48 248.53 -47.51 173.26 228.49 -35.96 125.90 215.00 0.00 0.00 0.00 -49.30 108.49 106.20 -16.48 112.80 35.74 -29.79 132.91 189.82 0.00 0.00 0.00 -62.64 146.99 29.61
-41.73 128.37 311.95 -38.09 126.84 282.27 -42.43 110.73 282.93 0.00 0.00 0.00 -129.46 100.40 307.07 -26.80 139.12 282.93 -35.41 162.48 247.98 -47.93 173.26 227.94 -36.39 125.90 214.45 0.00 0.00 0.00 -50.62 108.21 105.98 -17.07 112.79 36.31 -30.22 132.91 189.26 0.00 0.00 0.00 -62.64 146.99 29.61
-42.15 128.37 311.49 -38.51 126.84 281.81 -42.86 110.73 282.47 0.00 0.00 0.00 -129.87 100.40 306.63 -27.22 139.11 282.47 -35.83 162.48 247.52 -48.35 173.26 227.48 -36.81 125.90 213.99 0.00 0.00 0.00 -51.78 107.97 105.81 -17.65 112.77 36.82 -30.64 132.91 188.81 0.00 0.00 0.00 -62.64 146.99 29.61
-42.56 128.37 311.18 -38.92 126.83 281.50 -43.26 110.73 282.16 0.00 0.00 0.00 -130.27 100.40 306.33 -27.63 139.11 282.16 -36.24 162.48 247.21 -48.76 173.25 227.18 -37.22 125.89 213.68 0.00 0.00 0.00 -52.76 107.77 105.74 -18.19 112.75 37.27 -31.05 132.90 188.50 0.00 0.00 0.00 -62.64 146.99 29.61
-42.95 128.37 311.07 -39.31 126.83 281.39 -43.66 110.73 282.05 0.00 0.00 0.00 -130.66 100.40 306.23 -28.02 139.11 282.05 -36.63 162.48 247.10 -49.15 173.25 227.06 -37.61 125.89 213.57 0.00 0.00 0.00 -53.51 107.64 105.79 -18.68 112.72 37.64 -31.44 132.90 188.38 0.00 0.00 0.00 -62.64 146.99 29.61
-43.32 128.37 311.10 -39.68 126.83 281.41 -44.02 110.73 282.07 0.00 0.00 0.00 -131.02 100.40 306.27 -28.39 139.11 282.07 -37.00 162.47 247.12 -49.52 173.25 227.09 -37.97 125.89 213.59 0.00 0.00 0.00 -54.07 107.55 105.90 -19.09 112.69 37.94 -31.81 132.90 188.41 0.00 0.00 0.00 -62.64 146.99 29.61
-43.66 128.37 311.17 -40.02 126.83 281.48 -44.36 110.73 282.15 0.00 0.00 0.00 -131.35 100.40 306.36 -28.73 139.11 282.15 -37.33 162.47 247.20 -49.86 173.25 227.16 -38.31 125.89 213.66 0.00 0.00 0.00 -54.47 107.49 106.01 -19.41 112.67 38.16 -32.15 132.90 188.48 0.00 0.00 0.00 -62.64 146.99 29.61
-43.96 128.36 311.28 -40.32 126.83 281.60 -44.66 110.73 282.26 0.00 0.00 0.00 -131.69 100.40 306.44 -29.03 139.11 282.26 -37.64 162.47 247.31 -50.16 173.25 227.27 -38.61 125.89 213.78 0.00 0.00 0.00 -54.71 107.47 106.10 -19.62 112.65 38.29 -32.45 132.90 188.59 0.00 0.00 0.00 -62.64 146.99 29.61
-44.22 128.36 311.42 -40.58 126.83 281.74 -44.92 110.72 282.40 0.00 0.00 0.00 -132.08 100.40 306.49 -29.29 139.11 282.40 -37.90 162.47 247.45 -50.42 173.25 227.42 -38.87 125.89 213.92 0.00 0.00 0.00 -54.77 107.48 106.17 -19.69 112.65 38.34 -32.71 132.90 188.74 0.00 0.00 0.00 -62.64 146.99 29.61
-44.43 128.36 311.59 -40.79 126.83 281.91 -45.14 110.72 282.57 0.00 0.00 0.00 -132.48 100.40 306.50 -29.51 139.11 282.57 -38.11 162.47 247.62 -50.64 173.25 227.59 -39.09 125.89 214.09 0.00 0.00 0.00 -54.72 107.51 106.24 -19.69 112.65 38.34 -32.92 132.90 188.91 0.00 0.00 0.00 -62.64 146.99 29.61
-44.59 128.36 311.79 -40.95 126.83 282.10 -45.30 110.72 282.76 0.00 0.00 0.00 -132.88 100.39 306.50 -29.67 139.10 282.76 -38.27 162.47 247.81 -50.79 173.25 227.78 -39.25 125.89 214.28 0.00 0.00 0.00 -54.64 107.55 106.34 -19.69 112.65 38.34 -33.08 132.90 189.10 0.00 0.00 0.00 -62.64 146.99 29.61
-44.69 128.36 311.99 -41.05 126.83 282.31 -45.40 110.72 282.97 0.00 0.00 0.00 -133.24 100.39 306.48 -29.77 139.10 282.97 -38.37 162.47 248.02 -50.90 173.25 227.98 -39.35 125.89 214.49 0.00 0.00 0.00 -54.54 107.59 106.46 -19.69 112.65 38.34 -33.18 132.90 189.30 0.00 0.00 0.00 -62.64 146.99 29.61
-44.73 128.36 312.20 -41.09 126.83 282.52 -45.43 110.72 283.18 0.00 0.00 0.00 -133.54 100.39 306.46 -29.80 139.10 283.18 -38.40 162.47 248.23 -50.93 173.25 228.19 -39.38 125.89 214.70 0.00 0.00 0.00 -55.07 107.42 106.89 -19.61 112.66 39.53 -33.22 132.90 189.51 0.00 0.00 0.00 -62.64 146.99 29.61
-44.66 128.36 312.41 -41.03 126.83 282.73 -45.37 110.72 283.39 0.00 0.00 0.00 -133.73 100.39 306.44 -29.74 139.10 283.39 -38.34 162.47 248.44 -50.87 173.25 228.40 -39.32 125.89 214.91 0.00 0.00 0.00 -56.19 107.05 107.63 -19.38 112.68 42.10 -33.15 132.90 189.73 -60.35 159.95 112.65 -62.64 146.99 29.61
-44.49 128.36 312.62 -40.85 126.83 282.93 -45.20 110.72 283.59 0.00 0.00 0.00 -133.79 100.40 306.44 -29.57 139.11 283.59 -38.17 162.47 248.64 -50.69 173.25 228.61 -39.15 125.89 215.11 0.00 0.00 0.00 -57.00 106.73 108.31 -19.01 112.72 44.58 -32.98 132.90 189.93 -60.17 159.74 112.71 -62.64 146.99 29.61
-44.22 128.36 312.81 -40.58 126.83 283.12 -44.92 110.72 283.79 0.00 0.00 0.00 -133.70 100.40 306.46 -29.29 139.11 283.79 -37.90 162.47 248.83 -50.42 173.25 228.80 -38.87 125.89 215.30 0.00 0.00 0.00 -56.92 106.68 108.59 -18.55 112.76 45.48 -32.71 132.90 190.12 -59.94 159.53 112.77 -62.64 146.99 29.61
-43.86 128.37 312.98 -40.22 126.83 283.29 -44.57 110.73 283.96 0.00 0.00 0.00 -133.46 100.41 306.52 -28.94 139.11 283.96 -37.54 162.47 249.01 -50.07 173.25 228.97 -38.52 125.89 215.47 0.00 0.00 0.00 -55.75 106.96 108.36 -18.00 112.81 44.22 -32.35 132.90 190.29 -59.67 159.31 112.83 -62.64 146.99 29.61
-43.43 128.37 313.12 -39.80 126.83 283.44 -44.14 110.73 284.10 0.00 0.00 0.00 -133.07 100.41 306.63 -28.51 139.11 284.10 -37.11 162.47 249.15 -49.64 173.25 229.11 -38.09 125.89 215.62 0.00 0.00 0.00 -53.84 107.45 107.83 -17.40 112.85 41.74 -31.92 132.90 190.44 -59.37 159.11 112.89 -62.64 146.99 29.61
-42.95 128.37 313.23 -39.31 126.83 283.55 -43.66 110.73 284.21 0.00 0.00 0.00 -132.59 100.41 306.75 -28.02 139.11 284.21 -36.63 162.48 249.26 -49.15 173.25 229.23 -37.61 125.89 215.73 0.00 0.00 0.00 -51.46 108.05 107.17 -16.77 112.89 38.79 -31.44 132.90 190.55 -59.05 158.92 112.94 -62.64 146.99 29.61
-42.42 128.37 313.31 -38.79 126.83 283.62 -43.13 110.73 284.28 0.00 0.00 0.00 -132.06 100.42 306.82 -27.50 139.11 284.28 -36.10 162.48 249.33 -48.63 173.25 229.30 -37.08 125.90 215.80 0.00 0.00 0.00 -49.02 108.66 106.57 -16.13 112.92 36.16 -30.91 132.91 190.62 -58.73 158.76 112.99 -62.64 146.99 29.61
-41.87 128.37 313.33 -38.23 126.84 283.65 -42.58 110.73 284.31 0.00 0.00 0.00 -131.50 100.42 306.85 -26.94 139.11 284.31 -35.55 162.48 249.36 -48.07 173.26 229.32 -36.53 125.90 215.83 0.00 0.00 0.00 -47.23 109.05 106.22 -15.50 112.93 34.62 -30.36 132.91 190.65 -58.41 158.63 113.02 -62.64 146.99 29.61
-41.30 128.37 313.27 -37.66 126.84 283.58 -42.01 110.74 284.25 0.00 0.00 0.00 -130.93 100.42 306.79 -26.38 139.12 284.25 -34.98 162.48 249.30 -47.51 173.26 229.26 -35.96 125.90 215.76 0.00 0.00 0.00 -46.08 109.25 106.00 -14.91 112.93 33.87 -29.79 132.91 190.58 -58.12 158.58 113.03 -62.64 146.99 29.61
-40.73 128.38 313.10 -37.10 126.84 283.41 -41.44 110.74 284.07 0.00 0.00 0.00 -130.36 100.42 306.62 -25.81 139.12 284.07 -34.41 162.48 249.12 -46.94 173.26 229.09 -35.39 125.90 215.59 0.00 0.00 0.00 -45.03 109.42 105.69 -14.36 112.92 33.09 -29.22 132.91 190.41 -57.88 158.63 113.02 -62.64 146.99 29.61
-40.18 128.38 312.84 -36.54 126.84 283.16 -40.89 110.74 283.82 0.00 0.00 0.00 -129.81 100.43 306.37 -25.25 139.12 283.82 -33.86 162.49 248.87 -46.38 173.26 228.83 -34.84 125.90 215.34 0.00 0.00 0.00 -44.08 109.56 105.34 -13.87 112.89 32.32 -28.67 132.91 190.16 -57.68 158.76 112.99 -62.64 146.99 29.61
-39.65 128.38 312.54 -36.01 126.84 282.85 -40.36 110.74 283.51 0.00 0.00 0.00 -129.28 100.43 306.07 -24.73 139.12 283.51 -33.33 162.49 248.56 -45.86 173.26 228.53 -34.31 125.91 215.03 -36.94 116.95 190.60 -43.23 109.67 104.95 -13.44 112.86 31.57 -28.14 132.92 189.85 -57.52 158.93 112.95 -62.64 146.99 29.61
-39.17 128.38 312.20 -35.53 126.85 282.52 -39.88 110.74 283.18 0.00 0.00 0.00 -128.79 100.43 305.74 -24.24 139.12 283.18 -32.85 162.49 248.23 -45.37 173.27 228.19 -33.83 125.91 214.70 -36.46 116.95 190.26 -42.52 109.76 104.56 -13.09 112.82 30.87 -27.66 132.92 189.52 -57.40 159.13 112.90 -62.64 146.99 29.61
-38.74 128.38 311.87 -35.10 126.85 282.18 -39.45 110.74 282.84 0.00 0.00 0.00 -128.37 100.43 305.40 -23.82 139.13 282.84 -32.42 162.49 247.89 -44.95 173.27 227.86 -33.40 125.91 214.36 -36.03 116.95 189.93 -41.93 109.82 104.18 -12.80 112.78 30.24 -27.23 132.92 189.18 -57.30 159.34 112.85 -62.64 146.99 29.61
-38.38 128.39 311.56 -34.75 126.85 281.88 -39.09 110.75 282.54 0.00 0.00 0.00 -128.01 100.43 305.10 -23.46 139.13 282.54 -32.06 162.49 247.59 -44.59 173.27 227.55 -33.04 125.91 214.06 -35.67 116.95 189.62 -41.47 109.87 103.85 -12.58 112.74 29.71 -26.88 132.92 188.87 -57.31 159.67 112.94 -62.68 146.99 29.78
-38.11 128.39 311.31 -34.47 126.85 281.62 -38.82 110.75 282.28 0.00 0.00 0.00 -127.74 100.43 304.85 -23.19 139.13 282.28 -31.79 162.49 247.33 -44.32 173.27 227.30 -32.77 125.91 213.80 -35.40 116.95 189.37 -41.14 109.90 103.59 -12.43 112.71 29.30 -26.60 132.92 188.62 -57.45 160.16 113.22 -62.81 146.99 30.19
-37.94 128.39 311.13 -34.30 126.85 281.45 -38.65 110.75 282.11 0.00 0.00 0.00 -127.56 100.44 304.68 -23.01 139.13 282.11 -31.62 162.49 247.16 -44.14 173.27 227.13 -32.60 125.91 213.63 -35.23 116.95 189.20 -40.94 109.91 103.41 -12.33 112.68 29.04 -26.43 132.92 188.45 -57.66 160.63 113.58 -63.00 146.99 30.68
-37.88 128.39 311.07 -34.24 126.85 281.39 -38.58 110.75 282.05 0.00 0.00 0.00 -127.50 100.44 304.61 -22.95 139.13 282.05 -31.56 162.49 247.10 -44.08 173.27 227.06 -32.53 125.91 213.57 -35.17 116.95 189.13 -40.88 109.91 103.34 -12.30 112.68 28.95 -26.37 132.92 188.38 -57.85 160.96 113.90 -63.21 146.99 31.09
-37.88 128.39 311.07 -34.24 126.85 281.39 -38.58 110.75 282.05 0.00 0.00 0.00 -127.50 100.44 304.61 -22.95 139.13 282.05 -31.56 162.49 247.10 -44.08 173.27 227.06 -32.53 125.91 213.57 -35.17 116.95 189.13 -40.88 109.91 103.34 -12.30 112.68 28.95 -26.37 132.92 188.38 -57.97 161.06 114.04 -63.45 146.99 31.26
-37.88 128.39 311.07 -34.24 126.85 281.39 -38.58 110.75 282.05 0.00 0.00 0.00 -127.50 100.44 304.61 -22.95 139.13 282.05 -31.56 162.49 247.10 -44.08 173.27 227.06 -32.53 125.91 213.57 -35.17 116.95 189.13 -40.88 109.91 103.34 -12.30 112.68 28.95 -26.37 132.92 188.38 -58.02 161.00 114.02 -63.67 146.99 31.22
-37.88 128.39 311.07 -34.24 126.85 281.39 -38.58 110.75 282.05 0.00 0.00 0.00 -127.50 100.44 304.61 -22.95 139.13 282.05 -31.56 162.49 247.10 -44.08 173.27 227.06 -32.53 125.91 213.57 -35.17 116.95 189.13 -40.88 109.91 103.34 -12.30 112.68 28.95 -26.37 132.92 188.38 -58.02 160.86 113.91 -63.87 146.99 31.08
-37.88 128.39 311.07 -34.24 126.85 281.39 -38.58 110.75 282.05 0.00 0.00 0.00 -127.50 100.44 304.61 -22.95 139.13 282.05 -31.56 162.49 247.10 -44.08 173.27 227.06 -32.53 125.91 213.57 -35.17 116.95 189.13 -40.88 109.91 103.34 -12.30 112.68 28.95 -26.37 132.92 188.38 -57.95 160.60 113.68 -63.98 146.99 30.79
-37.88 128.39 311.07 -34.24 126.85 281.39 -38.58 110.75 282.05 0.00 0.00 0.00 -127.50 100.44 304.61 -22.95 139.13 282.05 -31.56 162.49 247.10 -44.08 173.27 227.06 -32.53 125.91 213.57 -35.17 116.95 189.13 -40.88 109.91 103.34 -12.30 112.68 28.95 -26.37 132.92 188.38 -57.73 160.05 113.16 -64.09 146.98 30.14
-37.88 128.39 311.07 -34.24 126.85 281.39 -38.58 110.75 282.05 0.00 0.00 0.00 -127.50 100.44 304.61 -22.95 139.13 282.05 -31.56 162.49 247.10 -44.08 173.27 227.06 -32.53 125.91 213.57 -35.17 116.95 189.13 -40.88 109.91 103.34 -12.30 112.68 28.95 -26.37 132.92 188.38 -57.51 159.34 112.56 -64.36 146.98 29.38
-37.89 128.39 311.33 -34.25 126.85 281.65 -38.59 110.75 282.31 0.00 0.00 0.00 -127.51 100.44 304.87 -22.96 139.13 282.31 -31.56 162.49 247.36 -44.09 173.27 227.32 -32.54 125.91 213.83 -35.17 116.95 189.39 -40.62 109.99 103.54 -12.30 112.68 28.95 -26.38 132.92 188.64 -57.48 158.63 112.32 -65.19 146.98 29.02
-37.91 128.39 311.94 -34.27 126.85 282.26 -38.62 110.75 282.92 0.00 0.00 0.00 -127.54 100.43 305.47 -22.99 139.13 282.92 -31.59 162.49 247.97 -44.12 173.27 227.94 -32.57 125.91 214.44 -35.20 116.95 190.01 -39.99 110.18 104.02 -12.30 112.68 28.95 -26.40 132.92 189.26 -57.63 158.48 112.91 -65.83 146.97 29.61
-37.96 128.39 312.68 -34.32 126.85 283.00 -38.66 110.75 283.66 0.00 0.00 0.00 -127.62 100.43 306.16 -23.03 139.13 283.66 -31.64 162.49 248.71 -44.16 173.27 228.67 -32.61 125.91 215.18 -35.24 116.95 190.74 -39.19 110.42 104.60 -12.30 112.68 28.95 -26.45 132.92 190.00 -57.25 158.17 113.24 -65.14 146.98 29.85
-38.02 128.39 313.30 -34.38 126.85 283.62 -38.73 110.75 284.28 0.00 0.00 0.00 -127.73 100.43 306.69 -23.10 139.13 284.28 -31.70 162.49 249.33 -44.23 173.27 229.29 -32.68 125.91 215.80 -35.31 116.95 191.36 -38.48 110.63 105.09 -12.30 112.68 28.95 -26.51 132.92 190.61 -56.55 157.90 113.34 -63.49 146.98 29.83
-38.11 128.39 313.56 -34.47 126.85 283.87 -38.82 110.75 284.54 0.00 0.00 0.00 -127.88 100.42 306.83 -23.18 139.13 284.54 -31.79 162.49 249.59 -44.31 173.27 229.55 -32.77 125.91 216.05 -35.40 116.95 191.62 -38.19 110.73 105.30 -12.30 112.68 28.95 -26.60 132.92 190.87 -55.90 157.97 113.32 -61.53 146.99 29.78
-38.22 128.39 313.53 -34.58 126.85 283.85 -38.93 110.75 284.51 0.00 0.00 0.00 -128.07 100.41 306.67 -23.30 139.13 284.51 -31.90 162.49 249.56 -44.43 173.27 229.53 -32.88 125.91 216.03 -35.51 116.95 191.60 -38.23 110.72 105.27 -12.30 112.68 28.95 -26.71 132.92 190.85 -55.46 158.20 113.21 -59.88 147.00 29.71
-38.36 128.38 313.47 -34.72 126.85 283.79 -39.06 110.75 284.45 0.00 0.00 0.00 -128.29 100.40 306.44 -23.43 139.13 284.45 -32.03 162.49 249.50 -44.56 173.27 229.46 -33.01 125.91 215.97 -35.64 116.95 191.53 -38.33 110.70 105.20 -12.30 112.68 28.95 -26.85 132.92 190.78 -55.31 158.29 113.09 -59.19 147.00 29.61
-38.52 128.38 313.37 -34.88 126.85 283.68 -39.22 110.75 284.34 -90.90 93.28 289.31 -128.55 100.40 306.15 -23.59 139.13 284.34 -32.20 162.49 249.39 -44.72 173.27 229.36 -33.17 125.91 215.86 -35.80 116.95 191.43 -38.56 110.65 105.11 -12.30 112.68 29.01 -27.01 132.92 190.68 -55.39 158.28 112.95 -59.19 147.00 29.47
-38.71 128.38 313.23 -35.07 126.85 283.55 -39.41 110.74 284.21 -91.11 93.28 289.06 -128.85 100.39 305.81 -23.78 139.13 284.21 -32.38 162.49 249.26 -44.91 173.27 229.22 -33.36 125.91 215.73 -35.99 116.95 191.29 -38.98 110.55 105.01 -12.29 112.68 29.21 -27.20 132.92 190.54 -55.47 158.27 112.77 -59.19 147.00 29.29
-38.92 128.38 313.07 -35.29 126.85 283.39 -39.63 110.74 284.05 -91.36 93.27 288.77 -129.19 100.38 305.43 -24.00 139.13 284.05 -32.60 162.49 249.10 -45.13 173.27 229.06 -33.58 125.91 215.57 -36.21 116.95 191.13 -39.61 110.39 104.92 -12.30 112.68 29.56 -27.42 132.92 190.38 -55.59 158.29 112.58 -59.19 147.00 29.10
-39.17 128.38 312.88 -35.53 126.85 283.20 -39.88 110.74 283.86 -91.64 93.27 288.45 -129.56 100.37 305.01 -24.25 139.12 283.86 -32.85 162.49 248.91 -45.38 173.27 228.87 -33.83 125.91 215.38 -36.46 116.95 190.95 -40.46 110.17 104.85 -12.33 112.68 30.10 -27.66 132.92 190.20 -55.75 158.37 112.42 -59.19 147.00 28.96
-39.45 128.38 312.68 -35.82 126.85 283.00 -40.16 110.74 283.66 -91.95 93.26 288.11 -129.97 100.37 304.57 -24.53 139.12 283.66 -33.13 162.49 248.71 -45.66 173.27 228.67 -34.11 125.91 215.18 -36.74 116.95 190.74 -41.52 109.90 104.80 -12.39 112.68 30.83 -27.94 132.92 190.00 -55.98 158.56 112.31 -59.19 147.00 28.90
-39.77 128.38 312.47 -36.13 126.84 282.79 -40.47 110.74 283.45 -92.30 93.26 287.75 -130.42 100.36 304.10 -24.84 139.12 283.45 -33.44 162.49 248.50 -45.97 173.26 228.46 -34.42 125.90 214.97 -37.05 116.95 190.53 -42.78 109.58 104.79 -12.52 112.68 31.78 -28.26 132.92 189.78 -56.26 158.81 112.25 -59.19 147.00 28.90
