-40.23 128.38 312.25 -36.59 126.84 282.57 -40.93 110.74 283.23 -92.80 93.26 287.38 -131.02 100.36 303.62 -131.02 100.36 303.62 -25.30 139.12 283.23 -33.91 162.49 248.28 -46.43 173.26 228.24 -46.43 173.26 228.24 -34.88 125.90 214.75 -37.52 116.95 190.31 -44.25 109.21 104.82 -12.73 112.67 32.96 -12.73 112.67 32.96 -28.72 132.91 189.56 -56.62 159.09 112.17 -59.19 147.00 28.91 -59.19 147.00 28.91
-36.56 128.38 312.15 -32.92 126.86 282.47 -37.26 110.75 283.13 -89.56 93.30 284.93 -127.63 100.43 301.36 -127.63 100.43 301.36 -21.63 139.13 283.13 -30.24 162.50 248.18 -42.76 173.28 228.14 -42.76 173.28 228.14 -31.21 125.92 214.65 -33.85 116.96 190.22 -41.31 110.15 104.74 -15.29 112.66 28.55 -15.29 112.66 28.55 -25.05 132.93 189.47 -58.20 163.45 118.01 -63.13 146.99 35.97 -63.13 146.99 35.97
-37.78 128.38 312.02 -34.13 126.85 282.34 -38.48 110.75 283.00 -90.78 93.30 284.79 -128.85 100.43 301.21 -128.85 100.43 301.21 -22.85 139.13 283.00 -31.45 162.49 248.05 -43.98 173.27 228.01 -43.98 173.27 228.01 -32.43 125.91 214.52 -35.06 116.95 190.09 -41.75 110.12 104.45 -15.29 112.66 28.55 -15.29 112.66 28.55 -26.26 132.92 189.34 -58.35 162.33 116.27 -63.13 146.99 33.86 -63.13 146.99 33.86
-42.53 128.37 311.60 -38.89 126.83 281.91 -43.23 110.73 282.58 -95.19 93.25 286.29 -133.72 100.35 302.18 -133.72 100.35 302.18 -27.60 139.11 282.58 -36.20 162.48 247.63 -48.73 173.25 227.59 -48.73 173.25 227.59 -37.18 125.89 214.09 -39.81 116.94 189.66 -50.41 107.90 105.37 -14.67 112.83 38.26 -14.67 112.83 38.26 -31.02 132.91 188.91 -58.15 160.01 111.85 -59.19 147.00 28.90 -59.19 147.00 28.90
-40.04 128.37 311.78 -36.40 126.84 282.09 -40.74 110.74 282.76 -93.04 93.29 284.52 -131.13 100.42 300.93 -131.13 100.42 300.93 -25.11 139.12 282.76 -33.71 162.49 247.81 -46.24 173.26 227.77 -46.24 173.26 227.77 -34.69 125.90 214.27 -37.32 116.95 189.84 -42.52 110.09 103.93 -15.29 112.66 28.55 -15.29 112.66 28.55 -28.52 132.91 189.09 -58.50 160.22 113.34 -63.13 146.99 30.32 -63.13 146.99 30.32
-40.98 128.37 311.68 -37.33 126.84 281.99 -41.68 110.74 282.65 -93.98 93.29 284.42 -132.07 100.42 300.82 -132.07 100.42 300.82 -26.05 139.12 282.65 -34.65 162.48 247.70 -47.18 173.26 227.67 -47.18 173.26 227.67 -35.63 125.90 214.17 -38.26 116.94 189.74 -42.81 110.08 103.73 -15.29 112.66 28.55 -15.29 112.66 28.55 -29.46 132.91 188.99 -59.08 160.49 113.27 -63.13 146.99 30.32 -63.13 146.99 30.32
-41.71 128.37 311.60 -38.07 126.84 281.91 -42.42 110.73 282.57 -94.72 93.29 284.33 -132.81 100.42 300.73 -132.81 100.42 300.73 -26.78 139.12 282.57 -35.39 162.48 247.62 -47.91 173.26 227.59 -47.91 173.26 227.59 -36.37 125.90 214.09 -39.00 116.94 189.66 -43.03 110.08 103.57 -15.29 112.66 28.55 -15.29 112.66 28.55 -30.20 132.91 188.91 -59.52 160.69 113.20 -63.13 146.99 30.32 -63.13 146.99 30.32
-42.19 128.36 311.54 -38.55 126.84 281.86 -42.90 110.73 282.52 -95.20 93.28 284.29 -133.28 100.41 300.70 -133.28 100.41 300.70 -27.27 139.11 282.52 -35.87 162.48 247.57 -48.40 173.26 227.53 -48.40 173.26 227.53 -36.85 125.90 214.04 -39.48 116.94 189.60 -43.17 110.08 103.47 -15.29 112.66 28.55 -15.29 112.66 28.55 -30.68 132.91 188.86 -59.81 160.82 113.16 -63.13 146.99 30.32 -63.13 146.99 30.32
-42.37 128.36 311.52 -38.73 126.83 281.84 -43.07 110.73 282.50 -95.37 93.28 284.31 -133.42 100.41 300.74 -133.42 100.41 300.74 -27.44 139.11 282.50 -36.04 162.48 247.55 -48.57 173.25 227.51 -48.57 173.25 227.51 -37.02 125.90 214.02 -39.65 116.94 189.59 -44.17 109.84 103.61 -15.43 112.70 29.35 -15.43 112.70 29.35 -30.85 132.91 188.84 -59.91 160.87 113.15 -63.13 146.99 30.32 -63.13 146.99 30.32
-42.37 128.36 311.52 -38.73 126.83 281.84 -43.07 110.73 282.50 -95.36 93.28 284.37 -133.37 100.40 300.84 -133.37 100.40 300.84 -27.44 139.11 282.50 -36.04 162.48 247.55 -48.57 173.25 227.51 -48.57 173.25 227.51 -37.02 125.90 214.02 -39.65 116.94 189.59 -46.40 109.28 104.09 -15.88 112.75 31.35 -15.88 112.75 31.35 -30.85 132.91 188.84 -59.91 160.87 113.15 -63.13 146.99 30.32 -63.13 146.99 30.32
-42.37 128.36 311.52 -38.73 126.83 281.84 -43.07 110.73 282.50 -95.34 93.27 284.44 -133.30 100.39 300.98 -133.30 100.39 300.98 -27.44 139.11 282.50 -36.04 162.48 247.55 -48.57 173.25 227.51 -48.57 173.25 227.51 -37.02 125.90 214.02 -39.65 116.94 189.59 -49.11 108.61 104.84 -16.66 112.78 33.98 -16.66 112.78 33.98 -30.85 132.91 188.84 -59.91 160.87 113.15 -63.13 146.99 30.32 -63.13 146.99 30.32
-42.37 128.36 311.52 -38.73 126.83 281.84 -43.07 110.73 282.50 -95.33 93.26 284.54 -133.22 100.38 301.14 -133.22 100.38 301.14 -27.44 139.11 282.50 -36.04 162.48 247.55 -48.57 173.25 227.51 -48.57 173.25 227.51 -37.02 125.90 214.02 -39.65 116.94 189.59 -51.69 107.99 105.74 -17.61 112.75 36.68 -17.61 112.75 36.68 -30.85 132.91 188.84 -59.91 160.87 113.15 -63.13 146.99 30.32 -63.13 146.99 30.32
-42.37 128.36 311.52 -38.73 126.83 281.84 -43.07 110.73 282.50 -95.31 93.26 284.64 -133.12 100.36 301.33 -133.12 100.36 301.33 -27.44 139.11 282.50 -36.04 162.48 247.55 -48.57 173.25 227.51 -48.57 173.25 227.51 -37.02 125.90 214.02 -39.65 116.94 189.58 -53.71 107.50 106.57 -18.40 112.69 39.01 -18.40 112.69 39.01 -30.85 132.91 188.84 -59.91 160.87 113.15 -63.13 146.99 30.32 -63.13 146.99 30.32
-42.37 128.37 311.52 -38.73 126.83 281.84 -43.07 110.73 282.50 -95.28 93.25 284.77 -133.00 100.35 301.54 -133.00 100.35 301.54 -27.44 139.11 282.50 -36.04 162.48 247.55 -48.57 173.25 227.51 -48.57 173.25 227.51 -37.02 125.90 214.02 -39.65 116.94 189.58 -54.77 107.19 107.06 -18.58 112.65 40.67 -18.58 112.65 40.67 -30.85 132.91 188.84 -59.91 160.87 113.15 -63.13 146.99 30.32 -63.13 146.99 30.32
-42.37 128.37 311.52 -38.73 126.83 281.84 -43.07 110.73 282.50 -95.26 93.24 284.91 -132.87 100.34 301.78 -132.87 100.34 301.78 -27.44 139.11 282.50 -36.04 162.48 247.55 -48.57 173.25 227.51 -48.57 173.25 227.51 -37.02 125.90 214.02 -39.65 116.94 189.58 -55.19 107.01 107.28 -18.29 112.66 41.88 -18.29 112.66 41.88 -30.85 132.91 188.84 -59.91 160.87 113.15 -63.13 146.99 30.32 -63.13 146.99 30.32
-42.37 128.37 311.52 -38.73 126.83 281.84 -43.07 110.73 282.50 -95.23 93.23 285.05 -132.74 100.32 302.03 -132.74 100.32 302.03 -27.44 139.11 282.50 -36.04 162.48 247.55 -48.57 173.25 227.51 -48.57 173.25 227.51 -37.02 125.90 214.02 -39.65 116.94 189.59 -55.55 106.85 107.48 -18.01 112.67 43.02 -18.01 112.67 43.02 -30.85 132.91 188.84 -59.91 160.87 113.15 -63.13 146.99 30.32 -63.13 146.99 30.32
-42.37 128.37 311.52 -38.73 126.83 281.84 -43.07 110.73 282.50 -95.20 93.22 285.21 -132.59 100.31 302.30 -132.59 100.31 302.30 -27.44 139.11 282.50 -36.04 162.48 247.55 -48.57 173.25 227.51 -48.57 173.25 227.51 -37.02 125.90 214.02 -39.65 116.94 189.59 -55.86 106.71 107.65 -17.77 112.68 44.07 -17.77 112.68 44.07 -30.85 132.91 188.84 -59.91 160.87 113.15 -63.13 146.99 30.32 -63.13 146.99 30.32
-42.32 128.37 311.72 -38.68 126.83 282.04 -43.02 110.73 282.70 -95.12 93.22 285.57 -132.39 100.30 302.78 -132.39 100.30 302.78 -27.39 139.11 282.70 -35.99 162.48 247.75 -48.52 173.25 227.71 -48.52 173.25 227.71 -36.97 125.90 214.22 -39.60 116.94 189.79 -57.18 106.40 108.58 -18.22 112.69 46.51 -18.22 112.69 46.51 -30.80 132.91 189.04 -59.80 160.70 113.20 -63.13 146.99 30.32 -63.13 146.99 30.32
-42.17 128.37 312.23 -38.53 126.84 282.54 -42.88 110.73 283.20 -94.95 93.21 286.24 -132.08 100.29 303.57 -132.08 100.29 303.57 -27.25 139.11 283.20 -35.85 162.48 248.25 -48.38 173.26 228.22 -48.38 173.26 228.22 -36.83 125.90 214.72 -39.46 116.94 190.29 -58.00 106.24 109.61 -18.63 112.71 48.31 -18.63 112.71 48.31 -30.66 132.91 189.54 -59.52 160.25 113.32 -63.13 146.99 30.32 -63.13 146.99 30.32
-42.88 128.36 313.22 -39.24 126.83 283.54 -43.59 110.73 284.20 -95.75 93.28 286.91 -134.95 100.41 302.04 -134.95 100.41 302.04 -27.95 139.11 284.20 -36.56 162.48 249.25 -49.08 173.25 229.21 -49.08 173.25 229.21 -37.54 125.89 215.72 -40.17 116.94 191.28 -42.27 109.70 105.02 -10.06 112.98 33.75 -10.06 112.98 33.75 -31.37 132.90 190.53 -57.57 158.60 112.23 -59.19 147.00 28.91 -59.19 147.00 28.91
-41.67 128.37 313.53 -38.02 126.84 283.85 -42.37 110.73 284.51 -94.37 93.21 287.90 -131.24 100.28 305.47 -131.24 100.28 305.47 -26.74 139.12 284.51 -35.34 162.48 249.56 -47.87 173.26 229.52 -47.87 173.26 229.52 -36.32 125.90 216.03 -38.95 116.94 191.60 -54.94 107.03 109.48 -17.60 112.74 44.71 -17.60 112.74 44.71 -30.15 132.91 190.85 -58.67 159.01 113.64 -63.13 146.99 30.32 -63.13 146.99 30.32
-41.33 128.37 314.04 -37.69 126.84 284.35 -42.03 110.74 285.01 -93.99 93.21 288.57 -130.74 100.28 306.27 -130.74 100.28 306.27 -26.40 139.12 285.01 -35.00 162.48 250.06 -47.53 173.26 230.03 -47.53 173.26 230.03 -35.98 125.90 216.53 -38.61 116.94 192.10 -52.77 107.55 109.11 -16.85 112.76 42.29 -16.85 112.76 42.29 -29.81 132.91 191.35 -58.24 158.47 113.76 -63.13 146.99 30.32 -63.13 146.99 30.32
-40.95 128.37 314.24 -37.31 126.84 284.55 -41.65 110.74 285.21 -93.58 93.21 288.95 -130.19 100.28 306.76 -130.19 100.28 306.76 -26.02 139.12 285.21 -34.62 162.48 250.26 -47.15 173.26 230.23 -47.15 173.26 230.23 -35.60 125.90 216.73 -38.23 116.94 192.30 -50.56 108.06 108.53 -16.03 112.77 39.95 -16.03 112.77 39.95 -29.44 132.91 191.55 -57.93 158.19 113.82 -63.13 146.99 30.32 -63.13 146.99 30.32
-40.47 128.37 312.53 -36.83 126.84 282.85 -41.18 110.74 283.51 -93.31 93.29 286.44 -132.37 100.42 301.74 -132.37 100.42 301.74 -25.55 139.12 283.51 -34.15 162.48 248.56 -46.68 173.26 228.52 -46.68 173.26 228.52 -35.13 125.90 215.03 -37.76 116.94 190.59 -37.24 110.63 104.02 -8.59 112.74 29.59 -8.59 112.74 29.59 -28.96 132.91 189.84 -56.65 158.93 112.27 -59.19 147.00 28.97 -59.19 147.00 28.97
-40.12 128.38 314.17 -36.48 126.84 284.48 -40.83 110.74 285.14 -92.68 93.21 289.21 -129.04 100.28 307.25 -129.04 100.28 307.25 -25.20 139.12 285.14 -33.80 162.49 250.19 -46.33 173.26 230.16 -46.33 173.26 230.16 -34.78 125.90 216.66 -37.41 116.95 192.23 -45.52 109.21 107.04 -14.47 112.78 34.78 -14.47 112.78 34.78 -28.61 132.91 191.48 -57.49 158.09 113.83 -63.13 146.99 30.32 -63.13 146.99 30.32
-39.71 128.38 314.09 -36.06 126.84 284.41 -40.41 110.74 285.07 -92.23 93.21 289.29 -128.47 100.29 307.44 -128.47 100.29 307.44 -24.78 139.12 285.07 -33.38 162.49 250.12 -45.91 173.26 230.08 -45.91 173.26 230.08 -34.36 125.91 216.59 -36.99 116.95 192.15 -43.26 109.73 106.49 -13.87 112.78 32.77 -13.87 112.78 32.77 -28.19 132.92 191.40 -57.28 158.07 113.83 -63.13 146.99 30.32 -63.13 146.99 30.32
-39.30 128.38 314.00 -35.66 126.85 284.31 -40.00 110.74 284.97 -91.79 93.22 289.34 -127.92 100.30 307.59 -127.92 100.30 307.59 -24.37 139.12 284.97 -32.98 162.49 250.02 -45.50 173.27 229.99 -45.50 173.27 229.99 -33.95 125.91 216.49 -36.58 116.95 192.06 -41.88 110.02 106.18 -13.47 112.78 31.66 -13.47 112.78 31.66 -27.79 132.92 191.31 -57.09 158.07 113.83 -63.13 146.99 30.32 -63.13 146.99 30.32
-37.57 128.38 311.70 -33.93 126.85 282.02 -38.28 110.75 282.68 -90.37 93.30 285.81 -129.30 100.43 301.27 -129.30 100.43 301.27 -22.65 139.13 282.68 -31.25 162.50 247.73 -43.78 173.27 227.69 -43.78 173.27 227.69 -32.23 125.91 214.20 -34.86 116.95 189.76 -37.31 110.34 103.45 -8.64 112.69 29.07 -8.64 112.69 29.07 -26.06 132.92 189.01 -55.88 160.05 113.06 -59.19 147.00 30.00 -59.19 147.00 30.00
-38.58 128.38 313.80 -34.94 126.85 284.11 -39.29 110.75 284.77 -91.01 93.23 289.40 -126.94 100.32 307.83 -126.94 100.32 307.83 -23.65 139.13 284.77 -32.26 162.49 249.82 -44.78 173.27 229.79 -44.78 173.27 229.79 -33.24 125.91 216.29 -35.87 116.95 191.86 -40.52 110.26 105.84 -12.98 112.76 30.67 -12.98 112.76 30.67 -27.07 132.92 191.11 -56.76 158.10 113.81 -63.13 146.99 30.32 -63.13 146.99 30.32
-38.29 128.38 313.70 -34.65 126.85 284.02 -39.00 110.75 284.68 -90.70 93.24 289.42 -126.55 100.33 307.92 -126.55 100.33 307.92 -23.37 139.13 284.68 -31.97 162.49 249.73 -44.50 173.27 229.70 -44.50 173.27 229.70 -32.95 125.91 216.20 -35.58 116.95 191.77 -39.90 110.37 105.69 -12.78 112.74 30.21 -12.78 112.74 30.21 -26.78 132.92 191.02 -56.64 158.12 113.80 -63.13 146.99 30.32 -63.13 146.99 30.32
-34.85 128.39 311.33 -31.21 126.86 281.64 -35.55 110.76 282.30 -87.63 93.31 285.50 -126.47 100.44 301.07 -126.47 100.44 301.07 -19.92 139.14 282.30 -28.52 162.50 247.35 -41.05 173.28 227.32 -41.05 173.28 227.32 -29.50 125.92 213.82 -32.13 116.96 189.39 -37.25 110.13 103.47 -8.64 112.69 29.07 -8.64 112.69 29.07 -23.34 132.93 188.64 -54.76 160.40 113.70 -59.19 147.00 30.73 -59.19 147.00 30.73
-37.93 128.38 313.58 -34.29 126.85 283.89 -38.63 110.75 284.55 -90.30 93.25 289.46 -126.02 100.34 308.07 -126.02 100.34 308.07 -23.00 139.13 284.55 -31.61 162.49 249.60 -44.13 173.27 229.57 -44.13 173.27 229.57 -32.59 125.91 216.07 -35.22 116.95 191.64 -38.84 110.57 105.44 -12.47 112.71 29.42 -12.47 112.71 29.42 -26.42 132.92 190.89 -56.45 158.08 113.73 -63.15 146.99 30.24 -63.15 146.99 30.24
-37.88 128.38 313.56 -34.24 126.85 283.87 -38.58 110.75 284.54 -90.24 93.25 289.49 -125.91 100.35 308.14 -125.91 100.35 308.14 -22.95 139.13 284.54 -31.56 162.49 249.59 -44.08 173.27 229.55 -44.08 173.27 229.55 -32.53 125.91 216.05 -35.17 116.95 191.62 -38.41 110.66 105.36 -12.36 112.70 29.12 -12.36 112.70 29.12 -26.37 132.92 190.87 -56.38 157.89 113.58 -63.26 146.99 30.07 -63.26 146.99 30.07
-37.88 128.38 313.56 -34.24 126.85 283.87 -38.58 110.75 284.54 -90.23 93.25 289.53 -125.88 100.35 308.20 -125.88 100.35 308.20 -22.95 139.13 284.54 -31.56 162.49 249.59 -44.08 173.27 229.55 -44.08 173.27 229.55 -32.53 125.91 216.05 -35.17 116.95 191.62 -38.06 110.74 105.31 -12.28 112.69 28.89 -12.28 112.69 28.89 -26.37 132.92 190.87 -56.36 157.62 113.41 -63.55 146.99 29.86 -63.55 146.99 29.86
-37.88 128.38 313.56 -34.24 126.85 283.87 -38.58 110.75 284.54 -90.23 93.26 289.55 -125.86 100.36 308.24 -125.86 100.36 308.24 -22.95 139.13 284.54 -31.56 162.49 249.59 -44.08 173.27 229.55 -44.08 173.27 229.55 -32.53 125.91 216.05 -35.17 116.95 191.62 -37.84 110.79 105.27 -12.24 112.68 28.75 -12.24 112.68 28.75 -26.37 132.92 190.87 -56.44 157.32 113.26 -64.14 146.99 29.68 -64.14 146.99 29.68
-34.95 128.39 311.41 -31.31 126.86 281.73 -35.65 110.76 282.39 -87.76 93.30 285.41 -126.28 100.42 301.33 -126.28 100.42 301.33 -20.02 139.14 282.39 -28.62 162.50 247.44 -41.15 173.28 227.40 -41.15 173.28 227.40 -29.60 125.92 213.91 -32.23 116.96 189.47 -37.49 110.09 103.58 -8.71 112.69 29.31 -8.71 112.69 29.31 -23.43 132.93 188.73 -55.70 159.72 113.73 -62.81 146.99 30.65 -62.81 146.99 30.65
-37.88 128.38 313.56 -34.24 126.85 283.87 -38.58 110.75 284.54 -90.22 93.26 289.59 -125.82 100.37 308.31 -125.82 100.37 308.31 -22.95 139.13 284.54 -31.56 162.49 249.59 -44.08 173.27 229.55 -44.08 173.27 229.55 -32.53 125.91 216.05 -35.17 116.95 191.62 -37.84 110.79 105.27 -12.24 112.67 28.74 -12.24 112.67 28.74 -26.37 132.92 190.87 -58.58 155.97 113.49 -71.49 146.96 30.32 -71.49 146.96 30.32
-37.88 128.39 313.56 -34.24 126.85 283.87 -38.58 110.75 284.54 -90.21 93.26 289.61 -125.80 100.37 308.34 -125.80 100.37 308.34 -22.95 139.13 284.54 -31.56 162.49 249.59 -44.08 173.27 229.55 -44.08 173.27 229.55 -32.53 125.91 216.05 -35.17 116.95 191.62 -38.03 110.74 105.30 -12.28 112.67 28.88 -12.28 112.67 28.88 -26.37 132.92 190.87 -58.54 156.24 113.62 -71.11 146.96 30.44 -71.11 146.96 30.44
-35.64 128.39 312.34 -32.00 126.86 282.65 -36.34 110.76 283.31 -88.49 93.29 286.08 -126.89 100.40 302.12 -126.89 100.40 302.12 -20.71 139.14 283.31 -29.31 162.50 248.36 -41.84 173.28 228.33 -41.84 173.28 228.33 -30.29 125.92 214.83 -32.92 116.96 190.40 -39.77 109.64 104.87 -9.54 112.67 31.82 -9.54 112.67 31.82 -24.12 132.93 189.65 -55.16 158.81 113.41 -61.57 146.99 30.08 -61.57 146.99 30.08
-37.91 128.39 313.67 -34.27 126.85 283.99 -38.62 110.75 284.65 -90.24 93.27 289.77 -125.80 100.38 308.52 -125.80 100.38 308.52 -22.99 139.13 284.65 -31.59 162.49 249.70 -44.12 173.27 229.67 -44.12 173.27 229.67 -32.57 125.91 216.17 -35.20 116.95 191.74 -38.64 110.60 105.51 -12.44 112.67 29.37 -12.44 112.67 29.37 -26.40 132.92 190.99 -58.01 157.08 113.94 -68.69 146.97 30.62 -68.69 146.97 30.62
-38.01 128.38 313.97 -34.37 126.85 284.28 -38.72 110.75 284.95 -90.34 93.27 290.08 -125.88 100.38 308.84 -125.88 100.38 308.84 -23.09 139.13 284.95 -31.69 162.49 250.00 -44.22 173.27 229.96 -44.22 173.27 229.96 -32.67 125.91 216.46 -35.30 116.95 192.03 -38.84 110.58 105.81 -12.57 112.67 29.73 -12.57 112.67 29.73 -26.50 132.92 191.28 -57.55 157.30 114.10 -67.06 146.97 30.68 -67.06 146.97 30.68
-38.17 128.38 314.35 -34.53 126.85 284.67 -38.88 110.75 285.33 -90.49 93.27 290.47 -126.03 100.39 309.25 -126.03 100.39 309.25 -23.25 139.13 285.33 -31.85 162.49 250.38 -44.38 173.27 230.34 -44.38 173.27 230.34 -32.83 125.91 216.85 -35.46 116.95 192.41 -39.04 110.57 106.20 -12.73 112.67 30.14 -12.73 112.67 30.14 -26.66 132.92 191.66 -57.07 157.39 114.24 -65.44 146.98 30.73 -65.44 146.98 30.73
-38.39 128.38 314.73 -34.75 126.85 285.05 -39.09 110.75 285.71 -90.70 93.27 290.87 -126.23 100.39 309.66 -126.23 100.39 309.66 -23.46 139.13 285.71 -32.06 162.49 250.76 -44.59 173.27 230.72 -44.59 173.27 230.72 -33.04 125.91 217.23 -35.67 116.95 192.79 -39.33 110.54 106.60 -12.93 112.67 30.61 -12.93 112.67 30.61 -26.88 132.92 192.04 -56.64 157.40 114.35 -64.02 146.98 30.77 -64.02 146.98 30.77
-38.65 128.38 315.02 -35.01 126.85 285.34 -39.35 110.74 286.00 -90.96 93.27 291.18 -126.47 100.39 309.97 -126.47 100.39 309.97 -23.72 139.13 286.00 -32.32 162.49 251.05 -44.85 173.27 231.01 -44.85 173.27 231.01 -33.30 125.91 217.52 -35.93 116.95 193.09 -39.86 110.46 106.94 -13.18 112.68 31.14 -13.18 112.68 31.14 -27.14 132.92 192.34 -56.38 157.38 114.41 -63.02 146.99 30.78 -63.02 146.99 30.78
-38.95 128.38 315.14 -35.31 126.85 285.46 -39.65 110.74 286.12 -91.26 93.27 291.31 -126.76 100.39 310.12 -126.76 100.39 310.12 -24.02 139.13 286.12 -32.63 162.49 251.17 -45.15 173.27 231.13 -45.15 173.27 231.13 -33.60 125.91 217.64 -36.24 116.95 193.20 -40.71 110.31 107.15 -13.49 112.70 31.74 -13.49 112.70 31.74 -27.44 132.92 192.45 -56.40 157.40 114.43 -62.64 146.99 30.79 -62.64 146.99 30.79
-39.29 128.38 315.03 -35.65 126.85 285.34 -39.99 110.74 286.00 -91.59 93.27 291.21 -127.08 100.40 310.03 -127.08 100.40 310.03 -24.36 139.12 286.00 -32.96 162.49 251.05 -45.49 173.27 231.02 -45.49 173.27 231.02 -33.94 125.91 217.52 -36.57 116.95 193.09 -41.89 110.07 107.21 -13.87 112.73 32.39 -13.87 112.73 32.39 -27.78 132.92 192.34 -56.61 157.51 114.33 -62.64 146.99 30.70 -62.64 146.99 30.70
-39.65 128.38 314.72 -36.01 126.84 285.03 -40.36 110.74 285.69 -91.96 93.27 290.92 -127.44 100.40 309.74 -127.44 100.40 309.74 -24.73 139.12 285.69 -33.33 162.49 250.74 -45.86 173.26 230.71 -45.86 173.26 230.71 -34.31 125.91 217.21 -36.94 116.95 192.78 -43.29 109.78 107.13 -14.30 112.75 33.07 -14.30 112.75 33.07 -28.14 132.92 192.03 -56.88 157.68 114.08 -62.64 146.99 30.48 -62.64 146.99 30.48
-40.05 128.38 314.26 -36.41 126.84 284.58 -40.75 110.74 285.24 -92.35 93.27 290.47 -127.82 100.40 309.30 -127.82 100.40 309.30 -25.12 139.12 285.24 -33.72 162.49 250.29 -46.25 173.26 230.25 -46.25 173.26 230.25 -34.70 125.90 216.76 -37.33 116.95 192.32 -44.80 109.46 106.95 -14.79 112.78 33.77 -14.79 112.78 33.77 -28.54 132.91 191.58 -57.20 157.94 113.75 -62.64 146.99 30.20 -62.64 146.99 30.20
-40.45 128.38 313.71 -36.82 126.84 284.02 -41.16 110.74 284.69 -92.75 93.27 289.93 -128.22 100.40 308.77 -128.22 100.40 308.77 -25.53 139.12 284.69 -34.13 162.48 249.74 -46.66 173.26 229.70 -46.66 173.26 229.70 -35.11 125.90 216.20 -37.74 116.94 191.77 -46.35 109.13 106.72 -15.32 112.79 34.45 -15.32 112.79 34.45 -28.94 132.91 191.02 -57.57 158.29 113.40 -62.64 146.99 29.92 -62.64 146.99 29.92
-40.88 128.38 313.11 -37.24 126.84 283.42 -41.58 110.74 284.08 -93.17 93.27 289.34 -128.63 100.40 308.19 -128.63 100.40 308.19 -25.95 139.12 284.08 -34.55 162.48 249.13 -47.08 173.26 229.10 -47.08 173.26 229.10 -35.53 125.90 215.60 -38.16 116.94 191.17 -47.87 108.80 106.46 -15.89 112.80 35.11 -15.89 112.80 35.11 -29.37 132.91 190.42 -58.00 158.74 113.09 -62.64 146.99 29.70 -62.64 146.99 29.70
-41.30 128.37 312.50 -37.66 126.84 282.82 -42.01 110.74 283.48 -93.60 93.27 288.75 -129.04 100.40 307.60 -129.04 100.40 307.60 -26.38 139.12 283.48 -34.98 162.48 248.53 -47.51 173.26 228.49 -47.51 173.26 228.49 -35.96 125.90 215.00 -38.59 116.94 190.57 -49.30 108.49 106.20 -16.48 112.80 35.74 -16.48 112.80 35.74 -29.79 132.91 189.82 -58.47 159.29 112.87 -62.64 146.99 29.61 -62.64 146.99 29.61
-41.73 128.37 311.95 -38.09 126.84 282.27 -42.43 110.73 282.93 -94.02 93.27 288.21 -129.46 100.40 307.07 -129.46 100.40 307.07 -26.80 139.12 282.93 -35.41 162.48 247.98 -47.93 173.26 227.94 -47.93 173.26 227.94 -36.39 125.90 214.45 -39.02 116.94 190.01 -50.62 108.21 105.98 -17.07 112.79 36.31 -17.07 112.79 36.31 -30.22 132.91 189.26 -58.96 159.86 112.72 -62.64 146.99 29.61 -62.64 146.99 29.61
-42.15 128.37 311.49 -38.51 126.84 281.81 -42.86 110.73 282.47 -94.44 93.27 287.76 -129.87 100.40 306.63 -129.87 100.40 306.63 -27.22 139.11 282.47 -35.83 162.48 247.52 -48.35 173.26 227.48 -48.35 173.26 227.48 -36.81 125.90 213.99 -39.44 116.94 189.56 -51.78 107.97 105.81 -17.65 112.77 36.82 -17.65 112.77 36.82 -30.64 132.91 188.81 -59.38 160.32 112.59 -62.64 146.99 29.61 -62.64 146.99 29.61
-42.56 128.37 311.18 -38.92 126.83 281.50 -43.26 110.73 282.16 -94.85 93.27 287.46 -130.27 100.40 306.33 -130.27 100.40 306.33 -27.63 139.11 282.16 -36.24 162.48 247.21 -48.76 173.25 227.18 -48.76 173.25 227.18 -37.22 125.89 213.68 -39.85 116.94 189.25 -52.76 107.77 105.74 -18.19 112.75 37.27 -18.19 112.75 37.27 -31.05 132.90 188.50 -59.73 160.65 112.49 -62.64 146.99 29.61 -62.64 146.99 29.61
-42.95 128.37 311.07 -39.31 126.83 281.39 -43.66 110.73 282.05 -95.24 93.27 287.35 -130.66 100.40 306.23 -130.66 100.40 306.23 -28.02 139.11 282.05 -36.63 162.48 247.10 -49.15 173.25 227.06 -49.15 173.25 227.06 -37.61 125.89 213.57 -40.24 116.94 189.13 -53.51 107.64 105.79 -18.68 112.72 37.64 -18.68 112.72 37.64 -31.44 132.90 188.38 -59.99 160.81 112.44 -62.64 146.99 29.61 -62.64 146.99 29.61
-43.32 128.37 311.10 -39.68 126.83 281.41 -44.02 110.73 282.07 -95.60 93.27 287.39 -131.02 100.40 306.27 -131.02 100.40 306.27 -28.39 139.11 282.07 -37.00 162.47 247.12 -49.52 173.25 227.09 -49.52 173.25 227.09 -37.97 125.89 213.59 -40.60 116.93 189.16 -54.07 107.55 105.90 -19.09 112.69 37.94 -19.09 112.69 37.94 -31.81 132.90 188.41 -60.18 160.85 112.42 -62.64 146.99 29.61 -62.64 146.99 29.61
-43.66 128.37 311.17 -40.02 126.83 281.48 -44.36 110.73 282.15 -95.94 93.27 287.47 -131.35 100.40 306.36 -131.35 100.40 306.36 -28.73 139.11 282.15 -37.33 162.47 247.20 -49.86 173.25 227.16 -49.86 173.25 227.16 -38.31 125.89 213.66 -40.94 116.93 189.23 -54.47 107.49 106.01 -19.41 112.67 38.16 -19.41 112.67 38.16 -32.15 132.90 188.48 -60.33 160.84 112.41 -62.64 146.99 29.61 -62.64 146.99 29.61
-43.96 128.36 311.28 -40.32 126.83 281.60 -44.66 110.73 282.26 -96.24 93.27 287.59 -131.69 100.40 306.44 -131.69 100.40 306.44 -29.03 139.11 282.26 -37.64 162.47 247.31 -50.16 173.25 227.27 -50.16 173.25 227.27 -38.61 125.89 213.78 -41.24 116.93 189.34 -54.71 107.47 106.10 -19.62 112.65 38.29 -19.62 112.65 38.29 -32.45 132.90 188.59 -60.45 160.80 112.42 -62.64 146.99 29.61 -62.64 146.99 29.61
-44.22 128.36 311.42 -40.58 126.83 281.74 -44.92 110.72 282.40 -96.50 93.27 287.74 -132.08 100.40 306.49 -132.08 100.40 306.49 -29.29 139.11 282.40 -37.90 162.47 247.45 -50.42 173.25 227.42 -50.42 173.25 227.42 -38.87 125.89 213.92 -41.51 116.93 189.49 -54.77 107.48 106.17 -19.69 112.65 38.34 -19.69 112.65 38.34 -32.71 132.90 188.74 -60.53 160.72 112.44 -62.64 146.99 29.61 -62.64 146.99 29.61
-44.43 128.36 311.59 -40.79 126.83 281.91 -45.14 110.72 282.57 -96.71 93.27 287.92 -132.48 100.40 306.50 -132.48 100.40 306.50 -29.51 139.11 282.57 -38.11 162.47 247.62 -50.64 173.25 227.59 -50.64 173.25 227.59 -39.09 125.89 214.09 -41.72 116.93 189.66 -54.72 107.51 106.24 -19.69 112.65 38.34 -19.69 112.65 38.34 -32.92 132.90 188.91 -60.57 160.61 112.46 -62.64 146.99 29.61 -62.64 146.99 29.61
-44.59 128.36 311.79 -40.95 126.83 282.10 -45.30 110.72 282.76 -96.87 93.27 288.11 -132.88 100.39 306.50 -132.88 100.39 306.50 -29.67 139.10 282.76 -38.27 162.47 247.81 -50.79 173.25 227.78 -50.79 173.25 227.78 -39.25 125.89 214.28 -41.88 116.93 189.85 -54.64 107.55 106.34 -19.69 112.65 38.34 -19.69 112.65 38.34 -33.08 132.90 189.10 -60.58 160.47 112.50 -62.64 146.99 29.61 -62.64 146.99 29.61
-44.69 128.36 311.99 -41.05 126.83 282.31 -45.40 110.72 282.97 -96.97 93.27 288.32 -133.24 100.39 306.48 -133.24 100.39 306.48 -29.77 139.10 282.97 -38.37 162.47 248.02 -50.90 173.25 227.98 -50.90 173.25 227.98 -39.35 125.89 214.49 -41.98 116.93 190.05 -54.54 107.59 106.46 -19.69 112.65 38.34 -19.69 112.65 38.34 -33.18 132.90 189.30 -60.54 160.32 112.54 -62.64 146.99 29.61 -62.64 146.99 29.61
-44.73 128.36 312.20 -41.09 126.83 282.52 -45.43 110.72 283.18 -97.00 93.27 288.54 -133.54 100.39 306.46 -133.54 100.39 306.46 -29.80 139.10 283.18 -38.40 162.47 248.23 -50.93 173.25 228.19 -50.93 173.25 228.19 -39.38 125.89 214.70 -42.01 116.93 190.26 -55.07 107.42 106.89 -19.61 112.66 39.53 -19.61 112.66 39.53 -33.22 132.90 189.51 -60.47 160.14 112.59 -62.64 146.99 29.61 -62.64 146.99 29.61
-44.12 128.35 312.89 -40.47 126.83 283.20 -44.82 110.73 283.86 -97.23 93.27 284.38 -136.97 100.38 298.80 -136.97 100.38 298.80 -29.19 139.11 283.86 -37.79 162.47 248.91 -50.32 173.25 228.88 -50.32 173.25 228.88 -38.77 125.89 215.38 -41.40 116.93 190.95 -53.71 106.54 107.51 -13.09 112.83 48.49 -13.09 112.83 48.49 -32.60 132.90 190.20 -58.03 159.13 111.99 -58.21 147.01 28.91 -58.21 147.01 28.91
-43.52 128.35 313.10 -39.87 126.83 283.42 -44.22 110.73 284.08 -96.60 93.25 284.82 -136.19 100.35 299.43 -136.19 100.35 299.43 -28.59 139.11 284.08 -37.19 162.47 249.13 -49.72 173.25 229.09 -49.72 173.25 229.09 -38.17 125.89 215.60 -40.80 116.93 191.16 -52.29 106.90 107.37 -12.49 112.84 46.60 -12.49 112.84 46.60 -32.00 132.90 190.41 -57.62 158.86 112.09 -58.21 147.01 28.90 -58.21 147.01 28.90
-44.22 128.36 312.81 -40.58 126.83 283.12 -44.92 110.72 283.79 -96.49 93.28 289.16 -133.70 100.40 306.46 -133.70 100.40 306.46 -29.29 139.11 283.79 -37.90 162.47 248.83 -50.42 173.25 228.80 -50.42 173.25 228.80 -38.87 125.89 215.30 -41.51 116.93 190.87 -56.92 106.68 108.59 -18.55 112.76 45.48 -18.55 112.76 45.48 -32.71 132.90 190.12 -59.94 159.53 112.77 -62.64 146.99 29.61 -62.64 146.99 29.61
-43.86 128.37 312.98 -40.22 126.83 283.29 -44.57 110.73 283.96 -96.14 93.28 289.33 -133.46 100.41 306.52 -133.46 100.41 306.52 -28.94 139.11 283.96 -37.54 162.47 249.01 -50.07 173.25 228.97 -50.07 173.25 228.97 -38.52 125.89 215.47 -41.15 116.93 191.04 -55.75 106.96 108.36 -18.00 112.81 44.22 -18.00 112.81 44.22 -32.35 132.90 190.29 -59.67 159.31 112.83 -62.64 146.99 29.61 -62.64 146.99 29.61
-43.43 128.37 313.12 -39.80 126.83 283.44 -44.14 110.73 284.10 -95.71 93.28 289.48 -133.07 100.41 306.63 -133.07 100.41 306.63 -28.51 139.11 284.10 -37.11 162.47 249.15 -49.64 173.25 229.11 -49.64 173.25 229.11 -38.09 125.89 215.62 -40.72 116.93 191.19 -53.84 107.45 107.83 -17.40 112.85 41.74 -17.40 112.85 41.74 -31.92 132.90 190.44 -59.37 159.11 112.89 -62.64 146.99 29.61 -62.64 146.99 29.61
-42.95 128.37 313.23 -39.31 126.83 283.55 -43.66 110.73 284.21 -95.22 93.28 289.59 -132.59 100.41 306.75 -132.59 100.41 306.75 -28.02 139.11 284.21 -36.63 162.48 249.26 -49.15 173.25 229.23 -49.15 173.25 229.23 -37.61 125.89 215.73 -40.24 116.94 191.30 -51.46 108.05 107.17 -16.77 112.89 38.79 -16.77 112.89 38.79 -31.44 132.90 190.55 -59.05 158.92 112.94 -62.64 146.99 29.61 -62.64 146.99 29.61
-42.42 128.37 313.31 -38.79 126.83 283.62 -43.13 110.73 284.28 -94.70 93.28 289.67 -132.06 100.42 306.82 -132.06 100.42 306.82 -27.50 139.11 284.28 -36.10 162.48 249.33 -48.63 173.25 229.30 -48.63 173.25 229.30 -37.08 125.90 215.80 -39.71 116.94 191.37 -49.02 108.66 106.57 -16.13 112.92 36.16 -16.13 112.92 36.16 -30.91 132.91 190.62 -58.73 158.76 112.99 -62.64 146.99 29.61 -62.64 146.99 29.61
-41.87 128.37 313.33 -38.23 126.84 283.65 -42.58 110.73 284.31 -94.14 93.29 289.70 -131.50 100.42 306.85 -131.50 100.42 306.85 -26.94 139.11 284.31 -35.55 162.48 249.36 -48.07 173.26 229.32 -48.07 173.26 229.32 -36.53 125.90 215.83 -39.16 116.94 191.39 -47.23 109.05 106.22 -15.50 112.93 34.62 -15.50 112.93 34.62 -30.36 132.91 190.65 -58.41 158.63 113.02 -62.64 146.99 29.61 -62.64 146.99 29.61
-41.30 128.37 313.27 -37.66 126.84 283.58 -42.01 110.74 284.25 -93.57 93.29 289.63 -130.93 100.42 306.79 -130.93 100.42 306.79 -26.38 139.12 284.25 -34.98 162.48 249.30 -47.51 173.26 229.26 -47.51 173.26 229.26 -35.96 125.90 215.76 -38.59 116.94 191.33 -46.08 109.25 106.00 -14.91 112.93 33.87 -14.91 112.93 33.87 -29.79 132.91 190.58 -58.12 158.58 113.03 -62.64 146.99 29.61 -62.64 146.99 29.61
-40.73 128.38 313.10 -37.10 126.84 283.41 -41.44 110.74 284.07 -93.00 93.29 289.46 -130.36 100.42 306.62 -130.36 100.42 306.62 -25.81 139.12 284.07 -34.41 162.48 249.12 -46.94 173.26 229.09 -46.94 173.26 229.09 -35.39 125.90 215.59 -38.02 116.94 191.16 -45.03 109.42 105.69 -14.36 112.92 33.09 -14.36 112.92 33.09 -29.22 132.91 190.41 -57.88 158.63 113.02 -62.64 146.99 29.61 -62.64 146.99 29.61
-40.18 128.38 312.84 -36.54 126.84 283.16 -40.89 110.74 283.82 -92.45 93.29 289.21 -129.81 100.43 306.37 -129.81 100.43 306.37 -25.25 139.12 283.82 -33.86 162.49 248.87 -46.38 173.26 228.83 -46.38 173.26 228.83 -34.84 125.90 215.34 -37.47 116.95 190.91 -44.08 109.56 105.34 -13.87 112.89 32.32 -13.87 112.89 32.32 -28.67 132.91 190.16 -57.68 158.76 112.99 -62.64 146.99 29.61 -62.64 146.99 29.61
-39.65 128.38 312.54 -36.01 126.84 282.85 -40.36 110.74 283.51 -91.92 93.30 288.91 -129.28 100.43 306.07 -129.28 100.43 306.07 -24.73 139.12 283.51 -33.33 162.49 248.56 -45.86 173.26 228.53 -45.86 173.26 228.53 -34.31 125.91 215.03 -36.94 116.95 190.60 -43.23 109.67 104.95 -13.44 112.86 31.57 -13.44 112.86 31.57 -28.14 132.92 189.85 -57.52 158.93 112.95 -62.64 146.99 29.61 -62.64 146.99 29.61
-39.17 128.38 312.20 -35.53 126.85 282.52 -39.88 110.74 283.18 -91.44 93.30 288.57 -128.79 100.43 305.74 -128.79 100.43 305.74 -24.24 139.12 283.18 -32.85 162.49 248.23 -45.37 173.27 228.19 -45.37 173.27 228.19 -33.83 125.91 214.70 -36.46 116.95 190.26 -42.52 109.76 104.56 -13.09 112.82 30.87 -13.09 112.82 30.87 -27.66 132.92 189.52 -57.40 159.13 112.90 -62.64 146.99 29.61 -62.64 146.99 29.61
-38.74 128.38 311.87 -35.10 126.85 282.18 -39.45 110.74 282.84 -91.01 93.30 288.24 -128.37 100.43 305.40 -128.37 100.43 305.40 -23.82 139.13 282.84 -32.42 162.49 247.89 -44.95 173.27 227.86 -44.95 173.27 227.86 -33.40 125.91 214.36 -36.03 116.95 189.93 -41.93 109.82 104.18 -12.80 112.78 30.24 -12.80 112.78 30.24 -27.23 132.92 189.18 -57.30 159.34 112.85 -62.64 146.99 29.61 -62.64 146.99 29.61
-38.38 128.39 311.56 -34.75 126.85 281.88 -39.09 110.75 282.54 -90.65 93.30 287.93 -128.01 100.43 305.10 -128.01 100.43 305.10 -23.46 139.13 282.54 -32.06 162.49 247.59 -44.59 173.27 227.55 -44.59 173.27 227.55 -33.04 125.91 214.06 -35.67 116.95 189.62 -41.47 109.87 103.85 -12.58 112.74 29.71 -12.58 112.74 29.71 -26.88 132.92 188.87 -57.31 159.67 112.94 -62.68 146.99 29.78 -62.68 146.99 29.78
-38.11 128.39 311.31 -34.47 126.85 281.62 -38.82 110.75 282.28 -90.38 93.30 287.68 -127.74 100.43 304.85 -127.74 100.43 304.85 -23.19 139.13 282.28 -31.79 162.49 247.33 -44.32 173.27 227.30 -44.32 173.27 227.30 -32.77 125.91 213.80 -35.40 116.95 189.37 -41.14 109.90 103.59 -12.43 112.71 29.30 -12.43 112.71 29.30 -26.60 132.92 188.62 -57.45 160.16 113.22 -62.81 146.99 30.19 -62.81 146.99 30.19
-37.94 128.39 311.13 -34.30 126.85 281.45 -38.65 110.75 282.11 -90.21 93.30 287.51 -127.56 100.44 304.68 -127.56 100.44 304.68 -23.01 139.13 282.11 -31.62 162.49 247.16 -44.14 173.27 227.13 -44.14 173.27 227.13 -32.60 125.91 213.63 -35.23 116.95 189.20 -40.94 109.91 103.41 -12.33 112.68 29.04 -12.33 112.68 29.04 -26.43 132.92 188.45 -57.66 160.63 113.58 -63.00 146.99 30.68 -63.00 146.99 30.68
-37.88 128.39 311.07 -34.24 126.85 281.39 -38.58 110.75 282.05 -90.15 93.30 287.45 -127.50 100.44 304.61 -127.50 100.44 304.61 -22.95 139.13 282.05 -31.56 162.49 247.10 -44.08 173.27 227.06 -44.08 173.27 227.06 -32.53 125.91 213.57 -35.17 116.95 189.13 -40.88 109.91 103.34 -12.30 112.68 28.95 -12.30 112.68 28.95 -26.37 132.92 188.38 -57.85 160.96 113.90 -63.21 146.99 31.09 -63.21 146.99 31.09
-37.88 128.39 311.07 -34.24 126.85 281.39 -38.58 110.75 282.05 -90.15 93.30 287.45 -127.50 100.44 304.61 -127.50 100.44 304.61 -22.95 139.13 282.05 -31.56 162.49 247.10 -44.08 173.27 227.06 -44.08 173.27 227.06 -32.53 125.91 213.57 -35.17 116.95 189.13 -40.88 109.91 103.34 -12.30 112.68 28.95 -12.30 112.68 28.95 -26.37 132.92 188.38 -57.97 161.06 114.04 -63.45 146.99 31.26 -63.45 146.99 31.26
-34.38 128.38 312.66 -30.74 126.86 282.97 -35.08 110.76 283.63 -86.57 93.27 289.17 -125.22 100.36 304.92 -125.22 100.36 304.92 -19.45 139.14 283.63 -28.05 162.51 248.68 -40.58 173.28 228.64 -40.58 173.28 228.64 -29.03 125.92 215.15 -31.66 116.97 190.72 -35.31 110.62 104.51 -8.45 112.69 28.81 -8.45 112.69 28.81 -22.87 132.93 189.97 -55.58 156.92 113.38 -66.97 146.97 30.13 -66.97 146.97 30.13
-34.50 128.38 312.85 -30.85 126.86 283.16 -35.19 110.76 283.82 -86.72 93.26 289.20 -125.60 100.33 304.68 -125.60 100.33 304.68 -19.56 139.14 283.82 -28.16 162.51 248.87 -40.69 173.28 228.84 -40.69 173.28 228.84 -29.14 125.92 215.34 -31.77 116.97 190.91 -35.11 110.68 104.65 -8.45 112.69 28.81 -8.45 112.69 28.81 -22.98 132.93 190.16 -55.44 156.70 113.32 -66.69 146.97 30.00 -66.69 146.97 30.00
-37.88 128.39 311.07 -34.24 126.85 281.39 -38.58 110.75 282.05 -90.15 93.30 287.45 -127.50 100.44 304.61 -127.50 100.44 304.61 -22.95 139.13 282.05 -31.56 162.49 247.10 -44.08 173.27 227.06 -44.08 173.27 227.06 -32.53 125.91 213.57 -35.17 116.95 189.13 -40.88 109.91 103.34 -12.30 112.68 28.95 -12.30 112.68 28.95 -26.37 132.92 188.38 -57.95 160.60 113.68 -63.98 146.99 30.79 -63.98 146.99 30.79
-37.88 128.39 311.07 -34.24 126.85 281.39 -38.58 110.75 282.05 -90.15 93.30 287.45 -127.50 100.44 304.61 -127.50 100.44 304.61 -22.95 139.13 282.05 -31.56 162.49 247.10 -44.08 173.27 227.06 -44.08 173.27 227.06 -32.53 125.91 213.57 -35.17 116.95 189.13 -40.88 109.91 103.34 -12.30 112.68 28.95 -12.30 112.68 28.95 -26.37 132.92 188.38 -57.73 160.05 113.16 -64.09 146.98 30.14 -64.09 146.98 30.14
-35.20 128.38 313.35 -31.55 126.86 283.66 -35.89 110.76 284.32 -87.56 93.21 289.12 -126.87 100.26 304.03 -126.87 100.26 304.03 -20.26 139.14 284.32 -28.87 162.50 249.37 -41.39 173.28 229.34 -41.39 173.28 229.34 -29.85 125.92 215.84 -32.48 116.96 191.41 -34.62 110.88 105.00 -8.45 112.69 28.81 -8.45 112.69 28.81 -23.68 132.93 190.66 -55.06 156.43 113.12 -65.07 146.98 29.59 -65.07 146.98 29.59
-37.89 128.39 311.33 -34.25 126.85 281.65 -38.59 110.75 282.31 -90.16 93.30 287.71 -127.51 100.44 304.87 -127.51 100.44 304.87 -22.96 139.13 282.31 -31.56 162.49 247.36 -44.09 173.27 227.32 -44.09 173.27 227.32 -32.54 125.91 213.83 -35.17 116.95 189.39 -40.62 109.99 103.54 -12.30 112.68 28.95 -12.30 112.68 28.95 -26.38 132.92 188.64 -57.48 158.63 112.32 -65.19 146.98 29.02 -65.19 146.98 29.02
-37.91 128.39 311.94 -34.27 126.85 282.26 -38.62 110.75 282.92 -90.18 93.30 288.31 -127.54 100.43 305.47 -127.54 100.43 305.47 -22.99 139.13 282.92 -31.59 162.49 247.97 -44.12 173.27 227.94 -44.12 173.27 227.94 -32.57 125.91 214.44 -35.20 116.95 190.01 -39.99 110.18 104.02 -12.30 112.68 28.95 -12.30 112.68 28.95 -26.40 132.92 189.26 -57.63 158.48 112.91 -65.83 146.97 29.61 -65.83 146.97 29.61
-36.32 128.37 313.56 -32.67 126.86 283.87 -37.02 110.75 284.54 -88.83 93.18 288.64 -128.22 100.16 303.39 -128.22 100.16 303.39 -21.38 139.13 284.54 -29.99 162.50 249.59 -42.51 173.28 229.55 -42.51 173.28 229.55 -30.97 125.92 216.05 -33.60 116.96 191.62 -36.08 110.62 105.27 -8.76 112.68 29.88 -8.76 112.68 29.88 -24.80 132.93 190.87 -54.73 156.82 112.90 -62.24 146.99 29.22 -62.24 146.99 29.22
-38.02 128.39 313.30 -34.38 126.85 283.62 -38.73 110.75 284.28 -90.31 93.30 289.59 -127.73 100.43 306.69 -127.73 100.43 306.69 -23.10 139.13 284.28 -31.70 162.49 249.33 -44.23 173.27 229.29 -44.23 173.27 229.29 -32.68 125.91 215.80 -35.31 116.95 191.36 -38.48 110.63 105.09 -12.30 112.68 28.95 -12.30 112.68 28.95 -26.51 132.92 190.61 -56.55 157.90 113.34 -63.49 146.98 29.83 -63.49 146.98 29.83
-37.21 128.37 313.51 -33.56 126.85 283.82 -37.91 110.75 284.49 -89.83 93.17 288.09 -129.13 100.10 302.91 -129.13 100.10 302.91 -22.28 139.13 284.49 -30.88 162.50 249.53 -43.41 173.27 229.50 -43.41 173.27 229.50 -31.86 125.91 216.00 -34.49 116.96 191.57 -39.39 109.90 105.64 -9.59 112.67 32.19 -9.59 112.67 32.19 -25.69 132.92 190.82 -54.46 157.37 112.70 -59.64 147.00 29.03 -59.64 147.00 29.03
-38.22 128.39 313.53 -34.58 126.85 283.85 -38.93 110.75 284.51 -90.55 93.29 289.68 -128.07 100.41 306.67 -128.07 100.41 306.67 -23.30 139.13 284.51 -31.90 162.49 249.56 -44.43 173.27 229.53 -44.43 173.27 229.53 -32.88 125.91 216.03 -35.51 116.95 191.60 -38.23 110.72 105.27 -12.30 112.68 28.95 -12.30 112.68 28.95 -26.71 132.92 190.85 -55.46 158.20 113.21 -59.88 147.00 29.71 -59.88 147.00 29.71
-38.36 128.38 313.47 -34.72 126.85 283.79 -39.06 110.75 284.45 -90.71 93.28 289.52 -128.29 100.40 306.44 -128.29 100.40 306.44 -23.43 139.13 284.45 -32.03 162.49 249.50 -44.56 173.27 229.46 -44.56 173.27 229.46 -33.01 125.91 215.97 -35.64 116.95 191.53 -38.33 110.70 105.20 -12.30 112.68 28.95 -12.30 112.68 28.95 -26.85 132.92 190.78 -55.31 158.29 113.09 -59.19 147.00 29.61 -59.19 147.00 29.61
-38.52 128.38 313.37 -34.88 126.85 283.68 -39.22 110.75 284.34 -90.90 93.28 289.31 -128.55 100.40 306.15 -128.55 100.40 306.15 -23.59 139.13 284.34 -32.20 162.49 249.39 -44.72 173.27 229.36 -44.72 173.27 229.36 -33.17 125.91 215.86 -35.80 116.95 191.43 -38.56 110.65 105.11 -12.30 112.68 29.01 -12.30 112.68 29.01 -27.01 132.92 190.68 -55.39 158.28 112.95 -59.19 147.00 29.47 -59.19 147.00 29.47
-38.71 128.38 313.23 -35.07 126.85 283.55 -39.41 110.74 284.21 -91.11 93.28 289.06 -128.85 100.39 305.81 -128.85 100.39 305.81 -23.78 139.13 284.21 -32.38 162.49 249.26 -44.91 173.27 229.22 -44.91 173.27 229.22 -33.36 125.91 215.73 -35.99 116.95 191.29 -38.98 110.55 105.01 -12.29 112.68 29.21 -12.29 112.68 29.21 -27.20 132.92 190.54 -55.47 158.27 112.77 -59.19 147.00 29.29 -59.19 147.00 29.29
-38.92 128.38 313.07 -35.29 126.85 283.39 -39.63 110.74 284.05 -91.36 93.27 288.77 -129.19 100.38 305.43 -129.19 100.38 305.43 -24.00 139.13 284.05 -32.60 162.49 249.10 -45.13 173.27 229.06 -45.13 173.27 229.06 -33.58 125.91 215.57 -36.21 116.95 191.13 -39.61 110.39 104.92 -12.30 112.68 29.56 -12.30 112.68 29.56 -27.42 132.92 190.38 -55.59 158.29 112.58 -59.19 147.00 29.10 -59.19 147.00 29.10
-39.17 128.38 312.88 -35.53 126.85 283.20 -39.88 110.74 283.86 -91.64 93.27 288.45 -129.56 100.37 305.01 -129.56 100.37 305.01 -24.25 139.12 283.86 -32.85 162.49 248.91 -45.38 173.27 228.87 -45.38 173.27 228.87 -33.83 125.91 215.38 -36.46 116.95 190.95 -40.46 110.17 104.85 -12.33 112.68 30.10 -12.33 112.68 30.10 -27.66 132.92 190.20 -55.75 158.37 112.42 -59.19 147.00 28.96 -59.19 147.00 28.96
-39.45 128.38 312.68 -35.82 126.85 283.00 -40.16 110.74 283.66 -91.95 93.26 288.11 -129.97 100.37 304.57 -129.97 100.37 304.57 -24.53 139.12 283.66 -33.13 162.49 248.71 -45.66 173.27 228.67 -45.66 173.27 228.67 -34.11 125.91 215.18 -36.74 116.95 190.74 -41.52 109.90 104.80 -12.39 112.68 30.83 -12.39 112.68 30.83 -27.94 132.92 190.00 -55.98 158.56 112.31 -59.19 147.00 28.90 -59.19 147.00 28.90
-39.77 128.38 312.47 -36.13 126.84 282.79 -40.47 110.74 283.45 -92.30 93.26 287.75 -130.42 100.36 304.10 -130.42 100.36 304.10 -24.84 139.12 283.45 -33.44 162.49 248.50 -45.97 173.26 228.46 -45.97 173.26 228.46 -34.42 125.90 214.97 -37.05 116.95 190.53 -42.78 109.58 104.79 -12.52 112.68 31.78 -12.52 112.68 31.78 -28.26 132.92 189.78 -56.26 158.81 112.25 -59.19 147.00 28.90 -59.19 147.00 28.90
